0 0 0 0 0 0 0 0 0 0 0 0 0 0 0 0 0 0 0 0 0 0 0 0 0 0 0 0 0 0 0 0 0 0 0 0 0 0 0 0 0 0 0 0 0 0 0 0 0 0 0 0 0 0 0 0 0 0 0 0 0 0 0 0 0 0 0 0 0 0 0 0 0 0 0 0 0 0 0 0 0 0 0 0 0 0 0 0 0 0 0 0 0 0 0 0 0 0 0 0 0 0 0 0 0 0 0 0 0 0 0 0 0 0 0 0 0 0 0 0 0 0 0 0 0 0 0 0 0 0 0 0 0 0 0 0 0 0 0 0 0 0 0 0 0 0 0 0 0 0 0 0 0 0 0 0 0 0 0 0 0 0 0 0 0 0 0 0 0 0 0 0 0 0 0 0 0 0 0 0 0 0 0 0 0 0 0 0 0 0 0 0 0 0 0 0 0 0 0 0 0 0 0 0 0 0 0 0 0 0 0 0 0 0 0 0 0 



0 0 0 0 0 0 0 0 0 0 0 0 0 0 0 0 0 0 0 0 0 0 0 0 0 0 0 0 0 0 0 0 0 0 0 0 0 0 0 0 0 0 0 0 0 0 0 0 0 0 0 0 0 0 0 0 0 0 0 0 0 0 0 0 0 0 0 0 0 0 0 0 0 0 0 0 0 0 0 0 0 0 0 0 0 0 0 0 0 0 0 0 0 0 0 0 0 0 0 0 0 0 0 0 0 0 0 0 0 0 0 0 0 0 0 0 0 0 0 0 0 0 0 0 0 0 0 0 0 0 0 0 0 0 0 0 0 0 0 0 0 0 0 0 0 0 0 0 0 0 0 0 0 0 0 0 0 0 0 0 0 0 0 0 0 0 0 0 0 0 0 0 0 0 0 0 0 0 0 0 0 0 0 0 0 0 0 0 0 0 0 0 0 0 0 0 0 0 0 0 0 0 0 0 0 0 0 0 0 0 0 0 0 0 0 0 0 



0 0 0 0 0 0 0 0 0 0 0 0 0 0 0 0 0 0 0 0 0 0 0 0 0 0 0 0 0 0 0 0 0 0 0 0 0 0 0 0 0 0 0 0 0 0 0 0 0 0 0 0 0 0 0 0 0 0 0 0 0 0 0 0 0 0 0 0 0 0 0 0 0 0 0 0 0 0 0 0 0 0 0 0 0 0 0 0 0 0 0 0 0 0 0 0 0 0 0 0 0 0 0 0 0 0 0 0 0 0 0 0 0 0 0 0 0 0 0 0 0 0 0 0 0 0 0 0 0 0 0 0 0 0 0 0 0 0 0 0 0 0 0 0 0 0 0 0 0 0 0 0 0 0 0 0 0 0 0 0 0 0 0 0 0 0 0 0 0 0 0 0 0 0 0 0 0 0 0 0 0 0 0 0 0 0 0 0 0 0 0 0 0 0 0 0 0 0 0 0 0 0 0 0 0 0 0 0 0 0 0 0 0 0 0 0 0 



0 0 0 0 0 0 0 0 0 0 0 0 0 0 0 0 0 0 0 0 0 0 0 0 0 0 0 0 0 0 0 0 0 0 0 0 0 0 0 0 0 0 0 0 0 0 0 0 0 0 0 0 0 0 0 0 0 0 0 0 0 0 0 0 0 0 0 0 0 0 0 0 0 0 0 0 0 0 0 0 0 0 0 0 0 0 0 0 0 0 0 0 0 0 0 0 0 0 0 0 0 0 0 0 0 0 0 0 0 0 0 0 0 0 0 0 0 0 0 0 0 0 0 0 0 0 0 0 0 0 0 0 0 0 0 0 0 0 0 0 0 0 0 0 0 0 0 0 0 0 0 0 0 0 0 0 0 0 0 0 0 0 0 0 0 0 0 0 0 0 0 0 0 0 0 0 0 0 0 0 0 0 0 0 0 0 0 0 0 0 0 0 0 0 0 0 0 0 0 0 0 0 0 0 0 0 0 0 0 0 0 0 0 0 0 0 0 



0 0 0 0 0 0 0 0 0 0 0 0 0 0 0 0 0 0 0 0 0 0 0 0 0 0 0 0 0 0 0 0 0 0 0 0 0 0 0 0 0 0 0 0 0 0 0 0 0 0 0 0 0 0 0 0 0 0 0 0 0 0 0 0 0 0 0 0 0 0 0 0 0 0 0 0 0 0 0 0 0 0 0 0 0 0 0 0 0 0 0 0 0 0 0 0 0 0 0 0 0 0 0 0 0 0 0 0 0 0 0 0 0 0 0 0 0 0 0 0 0 0 0 0 0 0 0 0 0 0 0 0 0 0 0 0 0 0 0 0 0 0 0 0 0 0 0 0 0 0 0 0 0 0 0 0 0 0 0 0 0 0 0 0 0 0 0 0 0 0 0 0 0 0 0 0 0 0 0 0 0 0 0 0 0 0 0 0 0 0 0 0 0 0 0 0 0 0 0 0 0 0 0 0 0 0 0 0 0 0 0 0 0 0 0 0 0 



0 0 0 0 0 0 0 0 0 0 0 0 0 0 0 0 0 0 0 0 0 0 0 0 0 0 0 0 0 0 0 0 0 0 0 0 0 0 0 0 0 0 0 0 0 0 0 0 0 0 0 0 0 0 0 0 0 0 0 0 0 0 0 0 0 0 0 0 0 0 0 0 0 0 0 0 0 0 0 0 0 0 0 0 0 0 0 0 0 0 0 0 0 0 0 0 0 0 0 0 0 0 0 0 0 0 0 0 0 0 0 0 0 0 0 0 0 0 0 0 0 0 0 0 0 0 0 0 0 0 0 0 0 0 0 0 0 0 0 0 0 0 0 0 0 0 0 0 0 0 0 0 0 0 0 0 0 0 0 0 0 0 0 0 0 0 0 0 0 0 0 0 0 0 0 0 0 0 0 0 0 0 0 0 0 0 0 0 0 0 0 0 0 0 0 0 0 0 0 0 0 0 0 0 0 0 0 0 0 0 0 0 0 0 0 0 0 



0 0 0 0 0 0 0 0 0 0 0 0 0 0 0 0 0 0 0 0 0 0 0 0 0 0 0 0 0 0 0 0 0 0 0 0 0 0 0 0 0 0 0 0 0 0 0 0 0 0 0 0 0 0 0 0 0 0 0 0 0 0 0 0 0 0 0 0 0 0 0 0 0 0 0 0 0 0 0 0 0 0 0 0 0 0 0 0 0 0 0 0 0 0 0 0 0 0 0 0 0 0 0 0 0 0 0 0 0 0 0 0 0 0 0 0 0 0 0 0 0 0 0 0 0 0 0 0 0 0 0 0 0 0 0 0 0 0 0 0 0 0 0 0 0 0 0 0 0 0 0 0 0 0 0 0 0 0 0 0 0 0 0 0 0 0 0 0 0 0 0 0 0 0 0 0 0 0 0 0 0 0 0 0 0 0 0 0 0 0 0 0 0 0 0 0 0 0 0 0 0 0 0 0 0 0 0 0 0 0 0 0 0 0 0 0 0 



0 0 0 0 0 0 0 0 0 0 0 0 0 0 0 0 0 0 0 0 0 0 0 0 0 0 0 0 0 0 0 0 0 0 0 0 0 0 0 0 0 0 0 0 0 0 0 0 0 0 0 0 0 0 0 0 0 0 0 0 0 0 0 0 0 0 0 0 0 0 0 0 0 0 0 0 0 0 0 0 0 0 0 0 0 0 0 0 0 0 0 0 0 0 0 0 0 0 0 0 0 0 0 0 0 0 0 0 0 0 0 0 0 0 0 0 0 0 0 0 0 0 0 0 0 0 0 0 0 0 0 0 0 0 0 0 0 0 0 0 0 0 0 0 0 0 0 0 0 0 0 0 0 0 0 0 0 0 0 0 0 0 0 0 0 0 0 0 0 0 0 0 0 0 0 0 0 0 0 0 0 0 0 0 0 0 0 0 0 0 0 0 0 0 0 0 0 0 0 0 0 0 0 0 0 0 0 0 0 0 0 0 0 0 0 0 0 



0 0 0 0 0 0 0 0 0 0 0 0 0 0 0 0 0 0 0 0 0 0 0 0 0 0 0 0 0 0 0 0 0 0 0 0 0 0 0 0 0 0 0 0 0 0 0 0 0 0 0 0 0 0 0 0 0 0 0 0 0 0 0 0 0 0 0 0 0 0 0 0 0 0 0 0 0 0 0 0 0 0 0 0 0 0 0 0 0 0 0 0 0 0 0 0 0 0 0 0 0 0 0 0 0 0 0 0 0 0 0 0 0 0 0 0 0 0 0 0 0 0 0 0 0 0 0 0 0 0 0 0 0 0 0 0 0 0 0 0 0 0 0 0 0 0 0 0 0 0 0 0 0 0 0 0 0 0 0 0 0 0 0 0 0 0 0 0 0 0 0 0 0 0 0 0 0 0 0 0 0 0 0 0 0 0 0 0 0 0 0 0 0 0 0 0 0 0 0 0 0 0 0 0 0 0 0 0 0 0 0 0 0 0 0 0 0 



0 0 0 0 0 0 0 0 0 0 0 0 0 0 0 0 0 0 0 0 0 0 0 0 0 0 0 0 0 0 0 0 0 0 0 0 0 0 0 0 0 0 0 0 0 0 0 0 0 0 0 0 0 0 0 0 0 0 0 0 0 0 0 0 0 0 0 0 0 0 0 0 0 0 0 0 0 0 0 0 0 0 0 0 0 0 0 0 0 0 0 0 0 0 0 0 0 0 0 0 0 0 0 0 0 0 0 0 0 0 0 0 0 0 0 0 0 0 0 0 0 0 0 0 0 0 0 0 0 0 0 0 0 0 0 0 0 0 0 0 0 0 0 0 0 0 0 0 0 0 0 0 0 0 0 0 0 0 0 0 0 0 0 0 0 0 0 0 0 0 0 0 0 0 0 0 0 0 0 0 0 0 0 0 0 0 0 0 0 0 0 0 0 0 0 0 0 0 0 0 0 0 0 0 0 0 0 0 0 0 0 0 0 0 0 0 0 



0 0 0 0 0 0 0 0 0 0 0 0 0 0 0 0 0 0 0 0 0 0 0 0 0 0 0 0 0 0 0 0 0 0 0 0 0 0 0 0 0 0 0 0 0 0 0 0 0 0 0 0 0 0 0 0 0 0 0 0 0 0 0 0 0 0 0 0 0 0 0 0 0 0 0 0 0 0 0 0 0 0 0 0 0 0 0 0 0 0 0 0 0 0 0 0 0 0 0 0 0 0 0 0 0 0 0 0 0 0 0 0 0 0 0 0 0 0 0 0 0 0 0 0 0 0 0 0 0 0 0 0 0 0 0 0 0 0 0 0 0 0 0 0 0 0 0 0 0 0 0 0 0 0 0 0 0 0 0 0 0 0 0 0 0 0 0 0 0 0 0 0 0 0 0 0 0 0 0 0 0 0 0 0 0 0 0 0 0 0 0 0 0 0 0 0 0 0 0 0 0 0 0 0 0 0 0 0 0 0 0 0 0 0 0 0 0 



0 0 0 0 0 0 0 0 0 0 0 0 0 0 0 0 0 0 0 0 0 0 0 0 0 0 0 0 0 0 0 0 0 0 0 0 0 0 0 0 0 0 0 0 0 0 0 0 0 0 0 0 0 0 0 0 0 0 0 0 0 0 0 0 0 0 0 0 0 0 0 0 0 0 0 0 0 0 0 0 0 0 0 0 0 0 0 0 0 0 0 0 0 0 0 0 0 0 0 0 0 0 0 0 0 0 0 0 0 0 0 0 0 0 0 0 0 0 0 0 0 0 0 0 0 0 0 0 0 0 0 0 0 0 0 0 0 0 0 0 0 0 0 0 0 0 0 0 0 0 0 0 0 0 0 0 0 0 0 0 0 0 0 0 0 0 0 0 0 0 0 0 0 0 0 0 0 0 0 0 0 0 0 0 0 0 0 0 0 0 0 0 0 0 0 0 0 0 0 0 0 0 0 0 0 0 0 0 0 0 0 0 0 0 0 0 0 



0 0 0 0 0 0 0 0 0 0 0 0 0 0 0 0 0 0 0 0 0 0 0 0 0 0 0 0 0 0 0 0 0 0 0 0 0 0 0 0 0 0 0 0 0 0 0 0 0 0 0 0 0 0 0 0 0 0 0 0 0 0 0 0 0 0 0 0 0 0 0 0 0 0 0 0 0 0 0 0 0 0 0 0 0 0 0 0 0 0 0 0 0 0 0 0 0 0 0 0 0 0 0 0 0 0 0 0 0 0 0 0 0 0 0 0 0 0 0 0 0 0 0 0 0 0 0 0 0 0 0 0 0 0 0 0 0 0 0 0 0 0 0 0 0 0 0 0 0 0 0 0 0 0 0 0 0 0 0 0 0 0 0 0 0 0 0 0 0 0 0 0 0 0 0 0 0 0 0 0 0 0 0 0 0 0 0 0 0 0 0 0 0 0 0 0 0 0 0 0 0 0 0 0 0 0 0 0 0 0 0 0 0 0 0 0 0 



0 0 0 0 0 0 0 0 0 0 0 0 0 0 0 0 0 0 0 0 0 0 0 0 0 0 0 0 0 0 0 0 0 0 0 0 0 0 0 0 0 0 0 0 0 0 0 0 0 0 0 0 0 0 0 0 0 0 0 0 0 0 0 0 0 0 0 0 0 0 0 0 0 0 0 0 0 0 0 0 0 0 0 0 0 0 0 0 0 0 0 0 0 0 0 0 0 0 0 0 0 0 0 0 0 0 0 0 0 0 0 0 0 0 0 0 0 0 0 0 0 0 0 0 0 0 0 0 0 0 0 0 0 0 0 0 0 0 0 0 0 0 0 0 0 0 0 0 0 0 0 0 0 0 0 0 0 0 0 0 0 0 0 0 0 0 0 0 0 0 0 0 0 0 0 0 0 0 0 0 0 0 0 0 0 0 0 0 0 0 0 0 0 0 0 0 0 0 0 0 0 0 0 0 0 0 0 0 0 0 0 -6.65856e+006 -6.59705e+006 -722.5 -6.798e+006 -6.73585e+006 0 



0 0 0 0 0 0 0 0 0 0 0 0 0 0 0 0 0 0 0 0 0 0 0 0 0 0 0 0 0 0 0 0 0 0 0 0 0 0 0 0 0 0 0 0 0 0 0 0 0 0 0 0 0 0 0 0 0 0 0 0 0 0 0 0 0 0 0 0 0 0 0 0 0 0 0 0 0 0 0 0 0 0 0 0 0 0 0 0 0 0 0 0 0 0 0 0 0 0 0 0 0 0 0 0 0 0 0 0 0 0 0 0 0 0 0 0 0 0 0 0 0 0 0 0 0 0 0 0 0 0 0 0 0 0 0 0 0 0 0 0 0 0 0 0 0 0 0 0 0 0 0 0 0 0 0 0 0 0 0 0 0 0 0 0 0 0 0 0 0 0 0 0 0 0 0 0 0 0 0 0 0 0 0 0 0 0 0 0 0 0 0 0 0 0 0 0 0 0 0 0 0 0 0 0 0 0 0 0 0 0 -741124 -1.35841e+008 -2.51095e+008 -8.408e+007 -2.51612e+008 -1.68305e+008 -835210 



0 0 0 0 0 0 0 0 0 0 0 0 0 0 0 0 0 0 0 0 0 0 0 0 0 0 0 0 0 0 0 0 0 0 0 0 0 0 0 0 0 0 0 0 0 0 0 0 0 0 0 0 0 0 0 0 0 0 0 0 0 0 0 0 0 0 0 0 0 0 0 0 0 0 0 0 0 0 0 0 0 0 0 0 0 0 0 0 0 0 0 0 0 0 0 0 0 0 0 0 0 0 0 0 0 0 0 0 0 0 0 0 0 0 0 0 0 0 0 0 0 0 0 0 0 0 0 0 0 0 0 0 0 0 0 0 0 0 0 0 0 0 0 0 0 0 0 0 0 0 0 0 0 0 0 0 0 0 0 0 0 0 0 0 0 0 0 0 0 0 0 0 0 0 0 0 0 0 0 0 0 0 0 0 0 0 0 0 0 0 0 0 0 0 0 0 0 0 0 0 0 0 0 0 0 0 0 0 0 0 -834086 -4.78594e+008 -6.36807e+008 -9.51874e+007 -5.41889e+008 -5.42122e+008 -278189 



-0 -0 -0 -0 -0 -0 -0 -0 -0 -0 -0 -0 -0 -0 -0 -0 -0 -0 -0 -0 -0 -0 -0 -0 -0 -0 -0 -0 -0 -0 -0 -0 -0 -0 -0 -0 -0 -0 -0 -0 -0 -0 -0 -0 -0 -0 -0 -0 -0 -0 -0 -0 -0 -0 -0 -0 -0 -0 -0 -0 -0 -0 -0 -0 -0 -0 -0 -0 -0 -0 -0 -0 -0 -0 -0 -0 -0 -0 -0 -0 -0 -0 -0 -0 -0 -0 -0 -0 -0 -0 -0 -0 -0 -0 -0 -0 -0 -0 -0 -0 -0 -0 -0 -0 -0 -0 -0 -0 -0 -0 -0 -0 -0 -0 -0 -0 -0 -0 -0 -0 -0 -0 -0 -0 -0 -0 -0 -0 -0 -0 -0 -0 -0 -0 -0 -0 -0 -0 -0 -0 -0 -0 -0 -0 -0 -0 -0 -0 -0 -0 -0 -0 -0 -0 -0 -0 -0 -0 -0 -0 -0 -0 -0 -0 -0 -0 -0 -0 -0 -0 -0 -0 -0 -0 -0 -0 -0 -0 -0 -0 -0 -0 -0 -0 -0 -0 -0 -0 -0 -0 -0 -0 -0 -0 -0 -0 -0 -0 -0 -0 -0 -0 -0 -0 -0 -0 -0 -0 -0 -0 2.31708e+006 -5.329e+008 -1.66157e+008 2.62091e+008 -4.79318e+008 -4.24506e+008 3.24504e+006 



-0 -0 -0 -0 -0 -0 -0 -0 -0 -0 -0 -0 -0 -0 -0 -0 -0 -0 -0 -0 -0 -0 -0 -0 -0 -0 -0 -0 -0 -0 -0 -0 -0 -0 -0 -0 -0 -0 -0 -0 -0 -0 -0 -0 -0 -0 -0 -0 -0 -0 -0 -0 -0 -0 -0 -0 -0 -0 -0 -0 -0 -0 -0 -0 -0 -0 -0 -0 -0 -0 -0 -0 -0 -0 -0 -0 -0 -0 -0 -0 -0 -0 -0 -0 -0 -0 -0 -0 -0 -0 -0 -0 -0 -0 -0 -0 -0 -0 -0 -0 -0 -0 -0 -0 -0 -0 -0 -0 -0 -0 -0 -0 -0 -0 -0 -0 -0 -0 -0 -0 -0 -0 -0 -0 -0 -0 -0 -0 -0 -0 -0 -0 -0 -0 -0 -0 -0 -0 -0 -0 -0 -0 -0 -0 -0 -0 -0 -0 -0 -0 -0 -0 -0 -0 -0 -0 -0 -0 -0 -0 -0 -0 -0 -0 -0 -0 -0 -0 -0 -0 -0 -0 -0 -0 -0 -0 -0 -0 -0 -0 -0 -0 -0 -0 -0 -0 -0 -0 -0 -0 -0 -0 -0 -0 -0 -0 -0 -0 -0 -0 -0 -0 -0 -0 -0 -0 -0 -0 -0 -0 4.54164e+006 -5.51439e+008 4.08416e+008 5.15993e+008 -2.53501e+008 -1.0295e+008 3.89379e+006 



-0 -0 -0 -0 -0 -0 -0 -0 -0 -0 -0 -0 -0 -0 -0 -0 -0 -0 -0 -0 -0 -0 -0 -0 -0 -0 -0 -0 -0 -0 -0 -0 -0 -0 -0 -0 -0 -0 -0 -0 -0 -0 -0 -0 -0 -0 -0 -0 -0 -0 -0 -0 -0 -0 -0 -0 -0 -0 -0 -0 -0 -0 -0 -0 -0 -0 -0 -0 -0 -0 -0 -0 -0 -0 -0 -0 -0 -0 -0 -0 -0 -0 -0 -0 -0 -0 -0 -0 -0 -0 -0 -0 -0 -0 -0 -0 -0 -0 -0 -0 -0 -0 -0 -0 -0 -0 -0 -0 -0 -0 -0 -0 -0 -0 -0 -0 -0 -0 -0 -0 -0 -0 -0 -0 -0 -0 -0 -0 -0 -0 -0 -0 -0 -0 -0 -0 -0 -0 -0 -0 -0 -0 -0 -0 -0 -0 -0 -0 -0 -0 -0 -0 -0 -0 -0 -0 -0 -0 -0 -0 -0 -0 -0 -0 -0 -0 -0 -0 -0 -0 -0 -0 -0 -0 -0 -0 -0 -0 -0 -0 -0 -0 -0 -0 -0 -0 -0 -0 -0 -0 -0 -0 -0 -0 -0 -0 -0 -0 -0 -0 -0 -0 -0 -0 -0 -0 -0 -0 -0 -0 2.08562e+006 -3.18636e+008 2.36926e+008 2.37297e+008 -9.46828e+007 1.39041e+006 1.39041e+006 



0 0 0 0 0 0 0 0 0 0 0 0 0 0 0 0 0 0 0 0 0 0 0 0 0 0 0 0 0 0 0 0 0 0 0 0 0 0 0 0 0 0 0 0 0 0 0 0 0 0 0 0 0 0 0 0 0 0 0 0 0 0 0 0 0 0 0 0 0 0 0 0 0 0 0 0 0 0 0 0 0 0 0 0 0 0 0 0 0 0 0 0 0 0 0 0 0 0 0 0 0 0 0 0 0 0 0 0 0 0 0 0 0 0 0 0 0 0 0 0 0 0 0 0 0 0 0 0 0 0 0 0 0 0 0 0 0 0 0 0 0 0 0 0 0 0 0 0 0 0 0 0 0 0 0 0 0 0 0 0 0 0 0 0 0 0 0 0 0 0 0 0 0 0 0 0 0 0 0 0 0 0 0 0 0 0 0 0 0 0 0 0 0 0 0 0 0 0 0 0 0 0 0 0 0 0 0 0 0 0 -0 -1.60361e+008 0 0 -0 -0 -0 



0 0 0 0 0 0 0 0 0 0 0 0 0 0 0 0 0 0 0 0 0 0 0 0 0 0 0 0 0 0 0 0 0 0 0 0 0 0 0 0 0 0 0 0 0 0 0 0 0 0 0 0 0 0 0 0 0 0 0 0 0 0 0 0 0 0 0 0 0 0 0 0 0 0 0 0 0 0 0 0 0 0 0 0 0 0 0 0 0 0 0 0 0 0 0 0 0 0 0 0 0 0 0 0 0 0 0 0 0 0 0 0 0 0 0 0 0 0 0 0 0 0 0 0 0 0 0 0 0 0 0 0 0 0 0 0 0 0 0 0 0 0 0 0 0 0 0 0 0 0 0 0 0 0 0 0 0 0 0 0 0 0 0 0 0 0 0 0 0 0 0 0 0 0 0 0 0 0 0 0 0 0 0 0 0 0 0 0 0 0 0 0 0 0 0 0 0 0 0 0 0 0 0 0 0 0 0 0 0 0 -0 -1.60361e+008 0 0 -0 -0 -0 



0 0 0 0 0 0 0 0 0 0 0 0 0 0 0 0 0 0 0 0 0 0 0 0 0 0 0 0 0 0 0 0 0 0 0 0 0 0 0 0 0 0 0 0 0 0 0 0 0 0 0 0 0 0 0 0 0 0 0 0 0 0 0 0 0 0 0 0 0 0 0 0 0 0 0 0 0 0 0 0 0 0 0 0 0 0 0 0 0 0 0 0 0 0 0 0 0 0 0 0 0 0 0 0 0 0 0 0 0 0 0 0 0 0 0 0 0 0 0 0 0 0 0 0 0 0 0 0 0 0 0 0 0 0 0 0 0 0 0 0 0 0 0 0 0 0 0 0 0 0 0 0 0 0 0 0 0 0 0 0 0 0 0 0 0 0 0 0 0 0 0 0 0 0 0 0 0 0 0 0 0 0 0 0 0 0 0 0 0 0 0 0 0 0 0 0 0 0 0 0 0 0 0 0 0 0 0 0 0 0 -0 -1.60361e+008 0 0 -0 -0 -0 



0 0 0 0 0 0 0 0 0 0 0 0 0 0 0 0 0 0 0 0 0 0 0 0 0 0 0 0 0 0 0 0 0 0 0 0 0 0 0 0 0 0 0 0 0 0 0 0 0 0 0 0 0 0 0 0 0 0 0 0 0 0 0 0 0 0 0 0 0 0 0 0 0 0 0 0 0 0 0 0 0 0 0 0 0 0 0 0 0 0 0 0 0 0 0 0 0 0 0 0 0 0 0 0 0 0 0 0 0 0 0 0 0 0 0 0 0 0 0 0 0 0 0 0 0 0 0 0 0 0 0 0 0 0 0 0 0 0 0 0 0 0 0 0 0 0 0 0 0 0 0 0 0 0 0 0 0 0 0 0 0 0 0 0 0 0 0 0 0 0 0 0 0 0 0 0 0 0 0 0 0 0 0 0 0 0 0 0 0 0 0 0 0 0 0 0 0 0 0 0 0 0 0 0 0 0 0 0 0 0 -0 -1.60361e+008 0 0 -0 -0 -0 



0 0 0 0 0 0 0 0 0 0 0 0 0 0 0 0 0 0 0 0 0 0 0 0 0 0 0 0 0 0 0 0 0 0 0 0 0 0 0 0 0 0 0 0 0 0 0 0 0 0 0 0 0 0 0 0 0 0 0 0 0 0 0 0 0 0 0 0 0 0 0 0 0 0 0 0 0 0 0 0 0 0 0 0 0 0 0 0 0 0 0 0 0 0 0 0 0 0 0 0 0 0 0 0 0 0 0 0 0 0 0 0 0 0 0 0 0 0 0 0 0 0 0 0 0 0 0 0 0 0 0 0 0 0 0 0 0 0 0 0 0 0 0 0 0 0 0 0 0 0 0 0 0 0 0 0 0 0 0 0 0 0 0 0 0 0 0 0 0 0 0 0 0 0 0 0 0 0 0 0 0 0 0 0 0 0 0 0 0 0 0 0 0 0 0 0 0 0 0 0 0 0 0 0 0 0 0 0 0 0 -0 -1.60361e+008 0 0 -0 -0 -0 



0 0 0 0 0 0 0 0 0 0 0 0 0 0 0 0 0 0 0 0 0 0 0 0 0 0 0 0 0 0 0 0 0 0 0 0 0 0 0 0 0 0 0 0 0 0 0 0 0 0 0 0 0 0 0 0 0 0 0 0 0 0 0 0 0 0 0 0 0 0 0 0 0 0 0 0 0 0 0 0 0 0 0 0 0 0 0 0 0 0 0 0 0 0 0 0 0 0 0 0 0 0 0 0 0 0 0 0 0 0 0 0 0 0 0 0 0 0 0 0 0 0 0 0 0 0 0 0 0 0 0 0 0 0 0 0 0 0 0 0 0 0 0 0 0 0 0 0 0 0 0 0 0 0 0 0 0 0 0 0 0 0 0 0 0 0 0 0 0 0 0 0 0 0 0 0 0 0 0 0 0 0 0 0 0 0 0 0 0 0 0 0 0 0 0 0 0 0 0 0 0 0 0 0 0 0 0 0 0 0 -0 -1.60361e+008 0 0 -0 -0 -0 



0 0 0 0 0 0 0 0 0 0 0 0 0 0 0 0 0 0 0 0 0 0 0 0 0 0 0 0 0 0 0 0 0 0 0 0 0 0 0 0 0 0 0 0 0 0 0 0 0 0 0 0 0 0 0 0 0 0 0 0 0 0 0 0 0 0 0 0 0 0 0 0 0 0 0 0 0 0 0 0 0 0 0 0 0 0 0 0 0 0 0 0 0 0 0 0 0 0 0 0 0 0 0 0 0 0 0 0 0 0 0 0 0 0 0 0 0 0 0 0 0 0 0 0 0 0 0 0 0 0 0 0 0 0 0 0 0 0 0 0 0 0 0 0 0 0 0 0 0 0 0 0 0 0 0 0 0 0 0 0 0 0 0 0 0 0 0 0 0 0 0 0 0 0 0 0 0 0 0 0 0 0 0 0 0 0 0 0 0 0 0 0 0 0 0 0 0 0 0 0 0 0 0 0 0 0 0 0 0 0 -0 -1.60361e+008 0 0 -0 -0 -0 



0 0 0 0 0 0 0 0 0 0 0 0 0 0 0 0 0 0 0 0 0 0 0 0 0 0 0 0 0 0 0 0 0 0 0 0 0 0 0 0 0 0 0 0 0 0 0 0 0 0 0 0 0 0 0 0 0 0 0 0 0 0 0 0 0 0 0 0 0 0 0 0 0 0 0 0 0 0 0 0 0 0 0 0 0 0 0 0 0 0 0 0 0 0 0 0 0 0 0 0 0 0 0 0 0 0 0 0 0 0 0 0 0 0 0 0 0 0 0 0 0 0 0 0 0 0 0 0 0 0 0 0 0 0 0 0 0 0 0 0 0 0 0 0 0 0 0 0 0 0 0 0 0 0 0 0 0 0 0 0 0 0 0 0 0 0 0 0 0 0 0 0 0 0 0 0 0 0 0 0 0 0 0 0 0 0 0 0 0 0 0 0 0 0 0 0 0 0 0 0 0 0 0 0 0 0 0 0 0 0 -0 -1.60361e+008 0 0 -0 -0 -0 



0 0 0 0 0 0 0 0 0 0 0 0 0 0 0 0 0 0 0 0 0 0 0 0 0 0 0 0 0 0 0 0 0 0 0 0 0 0 0 0 0 0 0 0 0 0 0 0 0 0 0 0 0 0 0 0 0 0 0 0 0 0 0 0 0 0 0 0 0 0 0 0 0 0 0 0 0 0 0 0 0 0 0 0 0 0 0 0 0 0 0 0 0 0 0 0 0 0 0 0 0 0 0 0 0 0 0 0 0 0 0 0 0 0 0 0 0 0 0 0 0 0 0 0 0 0 0 0 0 0 0 0 0 0 0 0 0 0 0 0 0 0 0 0 0 0 0 0 0 0 0 0 0 0 0 0 0 0 0 0 0 0 0 0 0 0 0 0 0 0 0 0 0 0 0 0 0 0 0 0 0 0 0 0 0 0 0 0 0 0 0 0 0 0 0 0 0 0 0 0 0 0 0 0 0 0 0 0 0 0 -0 -1.60361e+008 0 0 -0 -0 -0 



0 0 0 0 0 0 0 0 0 0 0 0 0 0 0 0 0 0 0 0 0 0 0 0 0 0 0 0 0 0 0 0 0 0 0 0 0 0 0 0 0 0 0 0 0 0 0 0 0 0 0 0 0 0 0 0 0 0 0 0 0 0 0 0 0 0 0 0 0 0 0 0 0 0 0 0 0 0 0 0 0 0 0 0 0 0 0 0 0 0 0 0 0 0 0 0 0 0 0 0 0 0 0 0 0 0 0 0 0 0 0 0 0 0 0 0 0 0 0 0 0 0 0 0 0 0 0 0 0 0 0 0 0 0 0 0 0 0 0 0 0 0 0 0 0 0 0 0 0 0 0 0 0 0 0 0 0 0 0 0 0 0 0 0 0 0 0 0 0 0 0 0 0 0 0 0 0 0 0 0 0 0 0 0 0 0 0 0 0 0 0 0 0 0 0 0 0 0 0 0 0 0 0 0 0 0 0 0 0 0 -0 -1.60361e+008 0 0 -0 -0 -0 



0 0 0 0 0 0 0 0 0 0 0 0 0 0 0 0 0 0 0 0 0 0 0 0 0 0 0 0 0 0 0 0 0 0 0 0 0 0 0 0 0 0 0 0 0 0 0 0 0 0 0 0 0 0 0 0 0 0 0 0 0 0 0 0 0 0 0 0 0 0 0 0 0 0 0 0 0 0 0 0 0 0 0 0 0 0 0 0 0 0 0 0 0 0 0 0 0 0 0 0 0 0 0 0 0 0 0 0 0 0 0 0 0 0 0 0 0 0 0 0 0 0 0 0 0 0 0 0 0 0 0 0 0 0 0 0 0 0 0 0 0 0 0 0 0 0 0 0 0 0 0 0 0 0 0 0 0 0 0 0 0 0 0 0 0 0 0 0 0 0 0 0 0 0 0 0 0 0 0 0 0 0 0 0 0 0 0 0 0 0 0 0 0 0 0 0 0 0 0 0 0 0 0 0 0 0 0 0 0 0 -0 -1.60361e+008 0 0 -0 -0 -0 



0 0 0 0 0 0 0 0 0 0 0 0 0 0 0 0 0 0 0 0 0 0 0 0 0 0 0 0 0 0 0 -0.00342862 -0.0231819 -0.0444411 -0.0231819 -0.00342862 -0 -0 -0 -0 -0 -0 -0 -0 -0 -0 -0 -0 -0 -0.000137145 -0.00877727 -0.0351145 -0.0396406 -0.0137179 -0.00054858 0 0 0 0 0 0 0 0 0 0 0 0 -0.000137145 -0.00877999 -0.0308627 -0.0396406 -0.0137145 -0.0012343 -0 -0 -0 -0 -0 -0 -0 -0 -0 -0 -0 -0 -0 -0.00219432 -0.0197529 -0.0396406 -0.0268852 -0.00493722 -0.000137145 0 0 0 0 0 0 0 0 0 0 0 0 -0.00219432 -0.0197529 -0.0444411 -0.0268852 -0.00493722 -0 -0 -0 -0 -0 -0 -0 -0 -0 -0 -0 -0 -0 -0.000137145 -0.00877727 -0.0351145 -0.0396406 -0.0137179 -0.00054858 0 0 0 0 0 0 0 0 0 0 0 0 -0.000137145 -0.00877999 -0.0308627 -0.0396406 -0.0137145 -0.0012343 -0 -0 -0 -0 -0 -0 -0 -0 -0 -0 -0 -0 -0 -0.00219432 -0.0197529 -0.0396406 -0.0268852 -0.00493722 -0.000137145 0 0 0 0 0 0 0 0 0 0 0 0 0 0 0 0 0 0 0 0 0 0 0 0 0 0 0 0 0 0 0 0 0 0 0 0 0 0 0 0 0 0 0 0 0 -0 -1.60469e+008 2.7428e+007 2.7428e+007 -1.09269e+007 -48.2283 -0 



0 0 0 0 0 0 0 0 0 0 0 0 0 0 0 0 0 0 0 0 0 0 0 0 0 0 0 0 0 0 -0 -126.139 -1236.31 -2917.77 -1845.41 -367.441 -3.15575 -0 -0 -0 -0 -0 -0 -0 -0 -0 -0 -0 -0 -28.143 -825.634 -2753.48 -2438.33 -652.544 -2.76597 -0 0 0 0 0 0 0 0 0 0 0 -0 -0.0725653 -495.01 -2115.35 -2898.7 -1026.12 -73.1352 -1.05005 -0 -0 -0 -0 -0 -0 -0 -0 -0 -0 -0 -3.18318 -248.775 -1569.88 -2877.21 -1489.56 -213.272 -0.0725653 0 0 0 0 0 0 0 0 0 0 0 -0 -86.8862 -1098.3 -2904.22 -2010.85 -448.747 -4.23323 -0 -0 -0 -0 -0 -0 -0 -0 -0 -0 -0 -0 -13.0651 -708.366 -2528.95 -2647.3 -766.404 -14.8478 -0 0 0 0 0 0 0 0 0 0 0 -0 -0.0495222 -401.694 -1920.84 -2903.59 -1171.44 -112.694 -1.05005 -0 -0 -0 -0 -0 -0 -0 -0 -0 -0 -0 -3.16343 -187.518 -1406.53 -2889.83 -1658.48 -280.086 -0.0495222 0 0 0 0 0 0 0 0 0 0 0 0 0 0 0 0 0 0 0 0 0 0 0 0 0 0 0 0 0 0 0 0 0 0 0 0 0 0 0 0 0 0 0 0 0 -0 -2.04185e+008 1.32644e+008 1.35733e+008 -5.71965e+007 -3.08876e+006 -0 



0 0 0 0 0 0 0 0 0 0 0 0 0 0 0 0 0 0 0 0 0 0 0 0 0 0 0 0 0 0 -0 -1109.33 -8641.57 -25160.8 -23246.5 -11864.4 -3063.1 -16.7479 -0 -0 -0 -0 -0 -0 -0 -0 -0 -0 -33.4958 -5549.49 -16930.1 -27606.5 -19492.3 -4944.04 -23.7388 -0 0 0 0 0 0 0 0 0 0 0 -0 -0.561854 -3943.64 -16402.2 -27824.4 -18990.2 -6706.82 -487.556 -0 -0 -0 -0 -0 -0 -0 -0 -0 -0 -0 -2307.86 -10076.1 -22319.1 -25544.6 -10661.7 -1870.02 -0.561854 0 0 0 0 0 0 0 0 0 0 0 -0 -753.113 -7784.17 -24672.2 -23793.2 -12839.2 -3543.51 -44.6585 -0 -0 -0 -0 -0 -0 -0 -0 -0 -0 -44.6585 -4903.83 -15640.4 -26370.8 -21584.7 -5661.71 -130.401 -0 0 0 0 0 0 0 0 0 0 0 -0 -0.37091 -3352.3 -14564.9 -27200.6 -20409.2 -7583.38 -1003.03 -0 -0 -0 -0 -0 -0 -0 -0 -0 -0 -0 -1788.47 -9024.62 -21938.1 -26179.1 -12145.3 -2470.01 -0.37091 0 0 0 0 0 0 0 0 0 0 0 0 0 0 0 0 0 0 0 0 0 0 0 0 0 0 0 0 0 0 0 0 0 0 0 0 0 0 0 0 0 0 0 0 0 -0 -2.65282e+008 1.96521e+008 2.24055e+008 -1.31342e+008 -2.75344e+007 -0 



0 0 0 0 0 0 0 0 0 0 0 0 0 0 0 0 0 0 0 0 0 0 0 0 0 0 0 0 0 0 -0 -2495.49 -24035.8 -57972.4 -38488.1 -9401.51 -794.044 -4.95809 -0 -0 -0 -0 -0 -0 -0 -0 -0 -0 -9.29615 -1830.91 -18798 -55732.5 -48051 -12755.4 -51.7141 -0 0 0 0 0 0 0 0 0 0 0 -0 -1.13594 -9725.69 -41595.3 -58362.2 -22837.6 -2886.98 -127.256 -0 -0 -0 -0 -0 -0 -0 -0 -0 -0 -0 -598.668 -6850.9 -33362.8 -57394.6 -29030.7 -4215.12 -1.13594 0 0 0 0 0 0 0 0 0 0 0 -0 -1715.22 -21377.1 -57623.1 -41580.8 -11078.7 -919.08 -12.1882 -0 -0 -0 -0 -0 -0 -0 -0 -0 -0 -12.1882 -1393.55 -16375.4 -51425 -52290.6 -14958.7 -289.205 -0 0 0 0 0 0 0 0 0 0 0 -0 -0.730994 -7918.4 -37675 -58292.6 -25791.6 -3817.34 -260.503 -0 -0 -0 -0 -0 -0 -0 -0 -0 -0 -0 -463.711 -5482.78 -30342.4 -57781 -32422.3 -5555.62 -0.730994 0 0 0 0 0 0 0 0 0 0 0 0 0 0 0 0 0 0 0 0 0 0 0 0 0 0 0 0 0 0 0 0 0 0 0 0 0 0 0 0 0 0 0 0 0 -0 -2.19308e+008 1.41968e+007 1.47013e+008 -1.6189e+008 -1.95116e+008 -1.335e+008 



0 0 0 0 0 0 0 0 0 0 0 0 0 0 0 0 0 0 0 0 0 0 0 0 0 0 0 0 0 0 -0 -1530.03 -21731.8 -37604.7 -2467.92 20705.6 8867.91 58.6994 0 0 0 0 0 0 0 0 0 0 107.127 15202 17983.1 -24389.5 -35858.9 -10312.1 -30.3018 -0 0 0 0 0 0 0 0 0 0 0 -0 -0.61578 -7250.67 -32625.2 -29281.1 16398 16912.8 1426.4 0 0 0 0 0 0 0 0 0 0 0 6676.48 20020.4 5306.59 -35028.5 -25488.3 -2595.42 -0.61578 0 0 0 0 0 0 0 0 0 0 0 -0 -1082.7 -18981.9 -38537.2 -7217.13 20466 10255.7 139.41 0 0 0 0 0 0 0 0 0 0 139.41 13917.6 18722.8 -19444.5 -37723.6 -12548.8 -172.071 -0 0 0 0 0 0 0 0 0 0 0 -0 -0.385312 -5423.21 -30564.5 -31272.6 14964.6 17937.6 2912.97 0 0 0 0 0 0 0 0 0 0 0 5175.56 19321.9 10444 -33672.7 -27626.9 -3393.69 -0.385312 0 0 0 0 0 0 0 0 0 0 0 0 0 0 0 0 0 0 0 0 0 0 0 0 0 0 0 0 0 0 0 0 0 0 0 0 0 0 0 0 0 0 0 0 0 -0 -9.65094e+007 -1.79818e+008 -1.42588e+008 2.76021e+007 -3.72297e+007 -0 



0 0 0 0 0 0 0 0 0 0 0 0 0 0 0 0 0 0 0 0 0 0 0 0 0 0 0 0 0 0 -0 -302.518 -10697.5 -9302.46 18909.9 28375 10336.3 70.4263 0 0 0 0 0 0 0 0 0 0 125.761 17980.8 30628.9 4187.58 -12938.6 -4322.59 -5.26969 -0 0 0 0 0 0 0 0 0 0 0 -0 -0.0927364 -2612.66 -12963.2 211.426 31129.7 20477.6 1663.82 0 0 0 0 0 0 0 0 0 0 0 7779.46 26175.9 24697 -6748.87 -12075.3 -527.304 -0.0927364 0 0 0 0 0 0 0 0 0 0 0 -0 -242.82 -9125.95 -10534.3 15360.5 29049.6 11952.2 163.49 0 0 0 0 0 0 0 0 0 0 163.49 16301.1 30086.6 7275.93 -12636.3 -5575.63 -30.8198 -0 0 0 0 0 0 0 0 0 0 0 -0 -0.0548715 -1593.36 -12868 -2043.97 31196.3 22143.3 3395.56 0 0 0 0 0 0 0 0 0 0 0 6028.93 24625.2 28723.1 -5020.7 -12554 -664.642 -0.0548715 0 0 0 0 0 0 0 0 0 0 0 0 0 0 0 0 0 0 0 0 0 0 0 0 0 0 0 0 0 0 0 0 0 0 0 0 0 0 0 0 0 0 0 0 0 -0 -1.44757e+007 -1.14526e+008 -1.07705e+008 4.12798e+007 -6.82141e+006 -0 



0 0 0 0 0 0 0 0 0 0 0 0 0 0 0 0 0 0 0 0 0 0 0 0 0 0 0 0 0 0 -0 -7.11821 -2654.82 -959.51 7678.01 9759.82 3462.96 25.1852 0 0 0 0 0 0 0 0 0 0 44.0741 6038.14 10847.1 3432.63 -2526.16 -961.318 -0.00219432 -0 0 0 0 0 0 0 0 0 0 0 -0 -0.00054858 -504.082 -2767.06 2208.66 11156.5 6903.34 560.37 0 0 0 0 0 0 0 0 0 0 0 2606.66 8940.12 9409.19 -133.501 -2930.86 -19.3283 -0.00054858 0 0 0 0 0 0 0 0 0 0 0 -0 -16.0794 -2230.55 -1379.96 6614.41 10045 4004.44 56.6667 0 0 0 0 0 0 0 0 0 0 56.6667 5465.18 10577.8 4296.21 -2272.06 -1294.88 -0.00343032 -0 0 0 0 0 0 0 0 0 0 0 -0 -0.00054858 -233.51 -2878.39 1460.1 11288 7489.87 1139.63 0 0 0 0 0 0 0 0 0 0 0 2021.11 8375.39 10631.3 452.344 -2966.3 -15.7568 -0.00054858 0 0 0 0 0 0 0 0 0 0 0 0 0 0 0 0 0 0 0 0 0 0 0 0 0 0 0 0 0 0 0 0 0 0 0 0 0 0 0 0 0 0 0 0 0 -0 -4.15489e+007 -3.731e+007 -3.60422e+007 1.53747e+007 -6.63811 -0 



0 0 0 0 0 0 0 0 0 0 0 0 0 0 0 0 0 0 0 0 0 0 0 0 0 0 0 0 0 0 -0 1.01551 -0 -1.10242 11.1272 16.7984 6.79012 0.0493827 0 0 0 0 0 0 0 0 0 0 0.0864198 11.8395 17.7268 4.37993 -1.89813 1.50066 -0 -0 0 0 0 0 0 0 0 0 0 0 -0 -0 2.80851 -1.16345 2.49819 15.5405 12.6634 1.09877 0 0 0 0 0 0 0 0 0 0 0 5.11111 16.4082 12.9519 -0.141578 -0 1.13557 -0 0 0 0 0 0 0 0 0 0 0 0 -0 0.944799 1.75886 -1.25241 8.65884 16.3556 7.85185 0.111111 0 0 0 0 0 0 0 0 0 0 0.111111 10.716 16.8487 5.27863 -1.59851 1.56809 -0 -0 0 0 0 0 0 0 0 0 0 0 -0 -0 2.65376 -1.31342 1.7241 16.1923 13.7465 2.23457 0 0 0 0 0 0 0 0 0 0 0 3.96296 15.3597 14.1898 0.457658 -0 1.21039 -0 0 0 0 0 0 0 0 0 0 0 0 0 0 0 0 0 0 0 0 0 0 0 0 0 0 0 0 0 0 0 0 0 0 0 0 0 0 0 0 0 0 0 0 0 0 -0 -7.02886e+007 -63803.5 -63803.5 25365.7 -0 -0 



0 0 0 0 0 0 0 0 0 0 0 0 0 0 0 0 0 0 0 0 0 0 0 0 0 0 0 0 0 0 -0 -0 -0 -2.59712e-012 0 0 0 0 0 0 0 0 0 0 0 0 0 0 0 0 0 0 -0 -0 -0 -0 0 0 0 0 0 0 0 0 0 0 -0 -0 -0 -5.23869e-011 0 0 0 0 0 0 0 0 0 0 0 0 0 0 0 0 0 0 -0 -0 -0 -0 0 0 0 0 0 0 0 0 0 0 0 -0 -0 -0 -0 0 0 0 0 0 0 0 0 0 0 0 0 0 0 0 0 0 0 -0 -0 -0 -0 0 0 0 0 0 0 0 0 0 0 -0 -0 -0 -1.30967e-011 0 0 0 0 0 0 0 0 0 0 0 0 0 0 0 0 0 0 0 -0 -0 -0 0 0 0 0 0 0 0 0 0 0 0 0 0 0 0 0 0 0 0 0 0 0 0 0 0 0 0 0 0 0 0 0 0 0 0 0 0 0 0 0 0 0 0 0 0 -0 -7.03151e+007 0 0 -0 -0 -0 



0 0 0 0 0 0 0 0 0 0 0 0 0 0 0 0 0 0 0 0 0 0 0 0 0 0 0 0 0 0 -0 -0 -0 -2.59712e-012 0 0 0 0 0 0 0 0 0 0 0 0 0 0 0 0 0 0 -0 -0 -0 -0 0 0 0 0 0 0 0 0 0 0 -0 -0 -0 -5.23869e-011 0 0 0 0 0 0 0 0 0 0 0 0 0 0 0 0 0 0 -0 -0 -0 -0 0 0 0 0 0 0 0 0 0 0 0 -0 -0 -0 -0 0 0 0 0 0 0 0 0 0 0 0 0 0 0 0 0 0 0 -0 -0 -0 -0 0 0 0 0 0 0 0 0 0 0 -0 -0 -0 -1.30967e-011 0 0 0 0 0 0 0 0 0 0 0 0 0 0 0 0 0 0 0 -0 -0 -0 0 0 0 0 0 0 0 0 0 0 0 0 0 0 0 0 0 0 0 0 0 0 0 0 0 0 0 0 0 0 0 0 0 0 0 0 0 0 0 0 0 0 0 0 0 -0 -7.03151e+007 0 0 -0 -0 -0 



0 0 0 0 0 0 0 0 0 0 0 0 0 0 0 0 0 0 0 0 0 0 0 0 0 0 0 0 0 0 -0 -0 -0 -2.59712e-012 0 0 0 0 0 0 0 0 0 0 0 0 0 0 0 0 0 0 -0 -0 -0 -0 0 0 0 0 0 0 0 0 0 0 -0 -0 -0 -5.23869e-011 0 0 0 0 0 0 0 0 0 0 0 0 0 0 0 0 0 0 -0 -0 -0 -0 0 0 0 0 0 0 0 0 0 0 0 -0 -0 -0 -0 0 0 0 0 0 0 0 0 0 0 0 0 0 0 0 0 0 0 -0 -0 -0 -0 0 0 0 0 0 0 0 0 0 0 -0 -0 -0 -1.30967e-011 0 0 0 0 0 0 0 0 0 0 0 0 0 0 0 0 0 0 0 -0 -0 -0 0 0 0 0 0 0 0 0 0 0 0 0 0 0 0 0 0 0 0 0 0 0 0 0 0 0 0 0 0 0 0 0 0 0 0 0 0 0 0 0 0 0 0 0 0 -0 -7.03151e+007 0 0 -0 -0 -0 



0 0 0 0 0 0 0 0 0 0 0 0 0 0 0 0 0 0 0 0 0 0 0 0 0 0 0 0 0 0 -0 -0 -0 -2.59712e-012 0 0 0 0 0 0 0 0 0 0 0 0 0 0 0 0 0 0 -0 -0 -0 -0 0 0 0 0 0 0 0 0 0 0 -0 -0 -0 -5.23869e-011 0 0 0 0 0 0 0 0 0 0 0 0 0 0 0 0 0 0 -0 -0 -0 -0 0 0 0 0 0 0 0 0 0 0 0 -0 -0 -0 -0 0 0 0 0 0 0 0 0 0 0 0 0 0 0 0 0 0 0 -0 -0 -0 -0 0 0 0 0 0 0 0 0 0 0 -0 -0 -0 -1.30967e-011 0 0 0 0 0 0 0 0 0 0 0 0 0 0 0 0 0 0 0 -0 -0 -0 0 0 0 0 0 0 0 0 0 0 0 0 0 0 0 0 0 0 0 0 0 0 0 0 0 0 0 0 0 0 0 0 0 0 0 0 0 0 0 0 0 0 0 0 0 -0 -7.03151e+007 0 0 -0 -0 -0 



0 0 0 0 0 0 0 0 0 0 0 0 0 0 0 0 0 0 0 0 0 0 0 0 0 0 0 0 0 0 -0 -0 -0 -2.59712e-012 0 0 0 0 0 0 0 0 0 0 0 0 0 0 0 0 0 0 -0 -0 -0 -0 0 0 0 0 0 0 0 0 0 0 -0 -0 -0 -5.23869e-011 0 0 0 0 0 0 0 0 0 0 0 0 0 0 0 0 0 0 -0 -0 -0 -0 0 0 0 0 0 0 0 0 0 0 0 -0 -0 -0 -0 0 0 0 0 0 0 0 0 0 0 0 0 0 0 0 0 0 0 -0 -0 -0 -0 0 0 0 0 0 0 0 0 0 0 -0 -0 -0 -1.30967e-011 0 0 0 0 0 0 0 0 0 0 0 0 0 0 0 0 0 0 0 -0 -0 -0 0 0 0 0 0 0 0 0 0 0 0 0 0 0 0 0 0 0 0 0 0 0 0 0 0 0 0 0 0 0 0 0 0 0 0 0 0 0 0 0 0 0 0 0 0 -0 -7.03151e+007 0 0 -0 -0 -0 



0 0 0 0 0 0 0 0 0 0 0 0 0 0 0 0 0 0 0 0 0 0 0 0 0 0 0 0 0 0 -0 -0 -0 -2.59712e-012 0 0 0 0 0 0 0 0 0 0 0 0 0 0 0 0 0 0 -0 -0 -0 -0 0 0 0 0 0 0 0 0 0 0 -0 -0 -0 -5.23869e-011 0 0 0 0 0 0 0 0 0 0 0 0 0 0 0 0 0 0 -0 -0 -0 -0 0 0 0 0 0 0 0 0 0 0 0 -0 -0 -0 -0 0 0 0 0 0 0 0 0 0 0 0 0 0 0 0 0 0 0 -0 -0 -0 -0 0 0 0 0 0 0 0 0 0 0 -0 -0 -0 -1.30967e-011 0 0 0 0 0 0 0 0 0 0 0 0 0 0 0 0 0 0 0 -0 -0 -0 0 0 0 0 0 0 0 0 0 0 0 0 0 0 0 0 0 0 0 0 0 0 0 0 0 0 0 0 0 0 0 0 0 0 0 0 0 0 0 0 0 0 0 0 0 -0 -7.03151e+007 0 0 -0 -0 -0 



0 0 0 0 0 0 0 0 0 0 0 0 0 0 0 0 0 0 0 0 0 0 0 0 0 0 0 0 0 0 -0 -0 -0 -2.59712e-012 0 0 0 0 0 0 0 0 0 0 0 0 0 0 0 0 0 0 -0 -0 -0 -0 0 0 0 0 0 0 0 0 0 0 -0 -0 -0 -5.23869e-011 0 0 0 0 0 0 0 0 0 0 0 0 0 0 0 0 0 0 -0 -0 -0 -0 0 0 0 0 0 0 0 0 0 0 0 -0 -0 -0 -0 0 0 0 0 0 0 0 0 0 0 0 0 0 0 0 0 0 0 -0 -0 -0 -0 0 0 0 0 0 0 0 0 0 0 -0 -0 -0 -1.30967e-011 0 0 0 0 0 0 0 0 0 0 0 0 0 0 0 0 0 0 0 -0 -0 -0 0 0 0 0 0 0 0 0 0 0 0 0 0 0 0 0 0 0 0 0 0 0 0 0 0 0 0 0 0 0 0 0 0 0 0 0 0 0 0 0 0 0 0 0 0 -0 -7.03151e+007 0 0 -0 -0 -0 



0 0 0 0 0 0 0 0 0 0 0 0 0 0 0 0 0 0 0 0 0 0 0 0 0 0 0 0 0 0 -0 -0 -0 -2.59712e-012 0 0 0 0 0 0 0 0 0 0 0 0 0 0 0 0 0 0 -0 -0 -0 -0 0 0 0 0 0 0 0 0 0 0 -0 -0 -0 -5.23869e-011 0 0 0 0 0 0 0 0 0 0 0 0 0 0 0 0 0 0 -0 -0 -0 -0 0 0 0 0 0 0 0 0 0 0 0 -0 -0 -0 -0 0 0 0 0 0 0 0 0 0 0 0 0 0 0 0 0 0 0 -0 -0 -0 -0 0 0 0 0 0 0 0 0 0 0 -0 -0 -0 -1.30967e-011 0 0 0 0 0 0 0 0 0 0 0 0 0 0 0 0 0 0 0 -0 -0 -0 0 0 0 0 0 0 0 0 0 0 0 0 0 0 0 0 0 0 0 0 0 0 0 0 0 0 0 0 0 0 0 0 0 0 0 0 0 0 0 0 0 0 0 0 0 -0 -7.03151e+007 0 0 -0 -0 -0 



0 0 0 0 0 0 0 0 0 0 0 0 0 0 0 0 0 0 0 0 0 0 0 0 0 0 0 0 0 0 -0 -0 -0 -2.59712e-012 0 0 0 0 0 0 0 0 0 0 0 0 0 0 0 0 0 0 -0 -0 -0 -0 0 0 0 0 0 0 0 0 0 0 -0 -0 -0 -5.23869e-011 0 0 0 0 0 0 0 0 0 0 0 0 0 0 0 0 0 0 -0 -0 -0 -0 0 0 0 0 0 0 0 0 0 0 0 -0 -0 -0 -0 0 0 0 0 0 0 0 0 0 0 0 0 0 0 0 0 0 0 -0 -0 -0 -0 0 0 0 0 0 0 0 0 0 0 -0 -0 -0 -1.30967e-011 0 0 0 0 0 0 0 0 0 0 0 0 0 0 0 0 0 0 0 -0 -0 -0 0 0 0 0 0 0 0 0 0 0 0 0 0 0 0 0 0 0 0 0 0 0 0 0 0 0 0 0 0 0 0 0 0 0 0 0 0 0 0 0 0 0 0 0 0 -0 -7.03151e+007 0 0 -0 -0 -0 



0 0 0 0 0 0 0 0 0 0 0 0 0 0 0 0 0 0 0 0 0 0 0 0 0 0 0 0 0 0 -0 -0 -0 -2.59712e-012 0 0 0 0 0 0 0 0 0 0 0 0 0 0 0 0 0 0 -0 -0 -0 -0 0 0 0 0 0 0 0 0 0 0 -0 -0 -0 -5.23869e-011 0 0 0 0 0 0 0 0 0 0 0 0 0 0 0 0 0 0 -0 -0 -0 -0 0 0 0 0 0 0 0 0 0 0 0 -0 -0 -0 -0 0 0 0 0 0 0 0 0 0 0 0 0 0 0 0 0 0 0 -0 -0 -0 -0 0 0 0 0 0 0 0 0 0 0 -0 -0 -0 -1.30967e-011 0 0 0 0 0 0 0 0 0 0 0 0 0 0 0 0 0 0 0 -0 -0 -0 0 0 0 0 0 0 0 0 0 0 0 0 0 0 0 0 0 0 0 0 0 0 0 0 0 0 0 0 0 0 0 0 0 0 0 0 0 0 0 0 0 0 0 0 0 -0 -7.03151e+007 0 0 -0 -0 -0 



0 0 0 0 0 0 0 0 0 0 0 0 0 0 0 0 0 0 0 0 0 0 0 0 0 0 0 0 0 0 -0 2.03257 -35.0316 -16.2673 137.704 182.196 67.9011 0.493827 0 0 0 0 0 0 0 0 0 0 0.864197 118.395 174.044 16.7904 61.6842 222.305 122.371 1.03706 -0 -0 -0 -0 -0 -0 -0 -0 -0 -0 1.4815 101.63 230.277 94.1337 3.49747 164.041 131.156 10.9877 0 0 0 0 0 0 0 0 0 0 0 51.111 169.942 111.706 0.67232 181.065 201.183 54.8152 -0 -0 -0 -0 -0 -0 -0 -0 -0 -0 -0 20.4446 167.385 221.822 15.8565 61.8516 184 78.5184 1.11111 0 0 0 0 0 0 0 0 0 0 1.11111 107.16 171.548 23.7551 48.75 226.014 135.853 1.4815 -0 -0 -0 -0 -0 -0 -0 -0 -0 -0 1.18521 87.7044 225.548 114.137 0.34489 160.127 142.374 22.3457 0 0 0 0 0 0 0 0 0 0 0 39.6295 159.082 129.477 -1.71612 159.63 214.439 67.8524 -0 -0 -0 -0 -0 -0 -0 -0 -0 -0 -0 -0 -0 -0 -0 -0 -0 0 0 0 0 0 0 0 0 0 0 0 0 0 0 0 0 0 0 0 0 0 0 0 0 0 0 0 0 -0 -7.03519e+007 148081 148081 -58871.1 -0.023085 -0 



0 0 0 0 0 0 0 0 0 0 0 0 0 0 0 0 0 0 0 0 0 0 0 0 0 0 0 0 0 0 -0 -46.3078 -5614.2 -2632.43 14877.7 19391.4 6908.15 49.4337 0 0 0 0 0 0 0 0 0 0 87.1374 12019.6 17875.7 -198.496 1989.39 18502 10411.7 88.322 -0 -0 -0 -0 -0 -0 -0 -0 -0 -0 126.173 8650.35 18984.7 4606.81 -1708.93 17163 13676.3 1116.03 0 0 0 0 0 0 0 0 0 0 0 5198.01 17547.3 11275.2 -2860.88 12688.3 17118.9 4664.97 -0 -0 -0 -0 -0 -0 -0 -0 -0 -0 -0 1739.5 14330.4 16907.7 -2031.22 5518.46 18860.6 7986.41 112.273 0 0 0 0 0 0 0 0 0 0 112.273 10891.3 18142.7 1187.4 505.118 18084.5 11548.3 126.173 -0 -0 -0 -0 -0 -0 -0 -0 -0 -0 100.94 7464.35 18978.7 6650.51 -2341.45 16429.5 14797.5 2272.28 0 0 0 0 0 0 0 0 0 0 0 4029.23 16497 13956.8 -2822.99 10201.1 18215.5 5775.31 -0 -0 -0 -0 -0 -0 -0 -0 -0 -0 -0 -0 -18.4771 -252.73 -739.121 -556.995 -134.805 -0.0067201 -0 0 0 0 0 0 0 0 0 0 0 0 0 0 0 0 0 0 0 0 0 0 0 0 0 0 0 -0 -7.04166e+007 296008 296121 -117897 -113.097 -0 



0 0 0 0 0 0 0 0 0 0 0 0 0 0 0 0 0 0 0 0 0 0 0 0 0 0 0 0 0 0 -0 -800.382 -16835.8 -21246.5 15277.3 31552.8 11958.7 80.3953 0 0 0 0 0 0 0 0 0 0 122.268 17071.4 7142.92 -64342.4 -53655.4 11995.9 15164.7 134.061 -0 -0 -0 -0 -0 -0 -0 -0 -0 -0 189.36 12648.8 16352.4 -42386 -69895.8 1469.4 18498.3 1624.65 0 0 0 0 0 0 0 0 0 0 0 7606.09 20073.3 -19888.7 -71049.4 -15979.1 20156.1 6822.35 -0 -0 -0 -0 -0 -0 -0 -0 -0 -0 -0 2547.1 18961.7 -719.381 -70398 -38609.8 17360.4 11691.2 159.115 0 0 0 0 0 0 0 0 0 0 159.115 15777.2 10291.8 -57057.5 -60682.8 8728.67 16553.6 189.36 -0 -0 -0 -0 -0 -0 -0 -0 -0 -0 152.494 10916.6 18518.8 -34874.4 -70950.5 -3014.45 19213 3319.65 0 0 0 0 0 0 0 0 0 0 0 5893.35 19979.9 -12099.3 -71278.7 -23570.2 20207.8 8444.9 -0 -0 -0 -0 -0 -0 -0 -0 -0 -0 -0 -142.435 -3862.55 -11900.1 -19406.6 -12253.3 -2980.86 -0.115359 -0 0 0 0 0 0 0 0 0 0 0 0 0 0 0 0 0 0 0 0 0 0 0 0 0 0 0 -0 -7.03232e+007 63315.3 63522.8 -25472.3 -207.514 -0 



0 0 0 0 0 0 0 0 0 0 0 0 0 0 0 0 0 0 0 0 0 0 0 0 0 0 0 0 0 0 -0 -2484.77 -26860.2 -58583.5 -29470.4 1727.03 3128.36 20.2536 0 0 0 0 0 0 0 0 0 0 8.22815 9.13206 -62229.5 -218198 -192193 -48422.7 1372.19 18.1636 -0 -0 -0 -0 -0 -0 -0 -0 -0 -0 23.8006 1300.25 -35943.3 -166445 -229790 -78116.9 -3168.05 158.863 0 0 0 0 0 0 0 0 0 0 0 772.136 -16537.3 -122373 -228110 -115490 -14016.5 701.476 -0 -0 -0 -0 -0 -0 -0 -0 -0 -0 -0 266.82 -4597.6 -83916.1 -229852 -158287 -32155.4 1191.13 12.0261 0 0 0 0 0 0 0 0 0 0 12.0261 1063.19 -52804.8 -200100 -208986 -57509.5 613.701 23.8006 -0 -0 -0 -0 -0 -0 -0 -0 -0 -0 20.0435 1125.09 -28556 -150719 -230293 -89833.8 -6163.86 333.55 0 0 0 0 0 0 0 0 0 0 0 597.625 -11763.4 -108852 -229107 -129335 -19146.5 868.291 -0 -0 -0 -0 -0 -0 -0 -0 -0 -0 -0 -164.727 -4961.67 -25670 -59273.6 -42249.9 -10229.6 -0.303017 -0 0 0 0 0 0 0 0 0 0 0 0 0 0 0 0 0 0 0 0 0 0 0 0 0 0 0 -0 -7.00901e+007 -582621 -582571 231523 -49.7194 -0 



0 0 0 0 0 0 0 0 0 0 0 0 0 0 0 0 0 0 0 0 0 0 0 0 0 0 0 0 0 0 -0 -1971.91 -17313.1 -45312.4 -35474.4 -13764.6 -2862.76 -16.6974 -0 -0 -0 -0 -0 -0 -0 -0 -0 -0 49.0518 3613.27 -44035.1 -173050 -151772 -32906.8 4132.97 24.0971 0 0 0 0 0 0 0 0 0 0 39.8136 3552.93 -22910.8 -130583 -182699 -56846.2 1584.58 489.459 -0 -0 -0 -0 -0 -0 -0 -0 -0 -0 -0 2182.34 -7860.54 -93692.9 -181696 -87786.4 -6084.3 1910.08 0 0 0 0 0 0 0 0 0 0 0 701.983 574.793 -61494.1 -182833 -123898 -19876.8 3349.11 59.4869 -0 -0 -0 -0 -0 -0 -0 -0 -0 -0 59.4869 4114.01 -36489 -158311 -165526 -40231.4 3868.57 39.8136 0 0 0 0 0 0 0 0 0 0 29.3363 3061.67 -17058.5 -117507 -183277 -66350.2 -457.764 969.525 -0 -0 -0 -0 -0 -0 -0 -0 -0 -0 -0 1698.69 -4390.36 -82191.8 -182478 -99499.3 -9824.21 2372.26 0 0 0 0 0 0 0 0 0 0 0 464.147 10307.7 3444.49 -41657.7 -39393.2 -9459.98 -0.198089 -0 0 0 0 0 0 0 0 0 0 0 0 0 0 0 0 0 0 0 0 0 0 0 0 0 0 0 -0 -6.99798e+007 8.35743e+007 1.95502e+008 -1.22204e+008 -2.09864e+008 -2.09864e+008 



0 0 0 0 0 0 0 0 0 0 0 0 0 0 0 0 0 0 0 0 0 0 0 0 0 0 0 0 0 0 -0 -496.382 -4280.66 -11351.6 -9103.59 -3715.89 -812.096 -5.86094 -0 -0 -0 -0 -0 -0 -0 -0 -0 -0 150.983 17971 15430.1 -39686.1 -31807.9 18644.4 15607.9 106.947 0 0 0 0 0 0 0 0 0 0 164.082 12988 21550.4 -23292.6 -44039.4 11513.6 19865.1 1732.63 -0 -0 -0 -0 -0 -0 -0 -0 -0 -0 -0 7922.14 23223.6 -5271.32 -45466.4 -2102.39 22757.9 6990.24 0 0 0 0 0 0 0 0 0 0 0 2581.37 20344.2 9865.5 -44567.7 -20359.8 22340.3 12170.1 189.096 -0 -0 -0 -0 -0 -0 -0 -0 -0 -0 189.096 16477.3 17523.7 -34356.8 -37047.2 16376.8 17157.8 164.082 0 0 0 0 0 0 0 0 0 0 125.992 11196.6 22880.1 -17415.8 -45073.4 8309.71 20996.3 3487.24 -0 -0 -0 -0 -0 -0 -0 -0 -0 -0 -0 6147.41 22516.6 1165.49 -45586.9 -8300.53 23458.9 8669.46 0 0 0 0 0 0 0 0 0 0 0 912.708 21503.5 32517.7 -3175.92 -17572.1 -4135.22 -0.0351199 -0 0 0 0 0 0 0 0 0 0 0 0 0 0 0 0 0 0 0 0 0 0 0 0 0 0 0 -0 -7.02122e+007 74897.2 75104.7 -30062.1 -207.514 -0 



0 0 0 0 0 0 0 0 0 0 0 0 0 0 0 0 0 0 0 0 0 0 0 0 0 0 0 0 0 0 0 -0.0790117 -0.711106 -1.59999 -0.967894 -0.177776 -0 -0 -0 -0 -0 -0 -0 -0 -0 -0 -0 -0 75.7541 9110.54 14126.2 1943.12 3270.98 14282.2 7751.17 55.8905 0 0 0 0 0 0 0 0 0 0 84.1498 6433.06 14505.5 4974.23 907.812 13753.9 10395.6 861.692 -0 -0 -0 -0 -0 -0 -0 -0 -0 -0 -0 3939.79 13447.6 9723.19 -0.775407 10544.3 12911.8 3465.21 0 0 0 0 0 0 0 0 0 0 0 1280.46 10738.6 13412 627.859 5701.64 14585.3 6051.41 94.6917 -0 -0 -0 -0 -0 -0 -0 -0 -0 -0 94.6917 8248.23 14233.2 2822.87 2317.86 14050.1 8608.98 84.1498 0 0 0 0 0 0 0 0 0 0 65.3103 5546.98 14434 6355.32 430.723 13318.1 11271 1733.48 -0 -0 -0 -0 -0 -0 -0 -0 -0 -0 -0 3058.53 12609.3 11620.4 43.3831 8811.33 13779.7 4294.78 0 0 0 0 0 0 0 0 0 0 0 422.633 9969.05 16659.2 3798.72 -4072.19 -930.889 -0.00054858 -0 0 0 0 0 0 0 0 0 0 0 0 0 0 0 0 0 0 0 0 0 0 0 0 0 0 0 -0 -7.04628e+007 292967 293018 -116485 -51.8852 -0 



0 0 0 0 0 0 0 0 0 0 0 0 0 0 0 0 0 0 0 0 0 0 0 0 0 0 0 0 0 0 0 -0 -0 -0 -0 -0 -0 -0 -0 -0 -0 -0 -0 -0 -0 -0 -0 -0 0.19754 23.7538 41.9004 13.0517 -5.72402 6.00805 10.1605 0.0740741 0 0 0 0 0 0 0 0 0 0 0.111111 8.4321 12.6148 -1.16472 6.43058 43.1677 25.3947 2.24698 -0 -0 -0 -0 -0 -0 -0 -0 -0 -0 -0 10.2719 32.8864 37.1806 -0.443582 1.69482 12.4757 4.54321 0 0 0 0 0 0 0 0 0 0 0 1.67901 10.3753 10.5631 -2.53358 22.2219 35.5019 15.7783 0.246922 -0 -0 -0 -0 -0 -0 -0 -0 -0 -0 0.246922 21.5068 36.761 13.9979 -3.21678 9.41701 11.284 0.111111 0 0 0 0 0 0 0 0 0 0 0.0864198 7.27161 10.5942 -2.62771 4.75862 46.7795 27.5628 4.51866 -0 -0 -0 -0 -0 -0 -0 -0 -0 -0 -0 7.97555 30.787 37.1969 0.98517 4.65725 13.2996 5.62963 0 0 0 0 0 0 0 0 0 0 0 0.555556 9.59671 6.80891 0 4.41956 5.74543 -0 -0 0 0 0 0 0 0 0 0 0 0 0 0 0 0 0 0 0 0 0 0 0 0 0 0 0 0 -0 -6.41717e+007 83713 78233.3 -35624.9 -0 -0 



0 0 0 0 0 0 0 0 0 0 0 0 0 0 0 0 0 0 0 0 0 0 0 0 0 0 0 0 0 0 0 0 0 0 0 0 0 0 0 0 0 0 0 0 0 0 0 0 -0 -0 -5.23869e-011 -2.4761e-011 0 0 0 0 0 0 0 0 0 0 0 0 0 0 0 0 0 0 -0 -0 -0 -0 0 0 0 0 0 0 0 0 0 0 0 -0 -0 -0 0 0 0 0 0 0 0 0 0 0 0 0 0 0 0 0 0 0 0 -0 -0 -0 -0 0 0 0 0 0 0 0 0 0 0 -0 -0 -0 -2.94676e-011 0 0 0 0 0 0 0 0 0 0 0 0 0 0 0 0 0 0 -0 -0 -0 -0 0 0 0 0 0 0 0 0 0 0 0 -0 -0 -5.23869e-011 -4.1554e-011 0 0 0 0 0 0 0 0 0 0 0 0 0 0 0 0 0 0 -0 -0 -0 -0 0 0 0 0 0 0 0 0 0 0 0 0 0 0 0 0 0 0 0 0 0 0 0 0 0 0 -0 -7.03151e+007 0 0 -0 -0 -0 



0 0 0 0 0 0 0 0 0 0 0 0 0 0 0 0 0 0 0 0 0 0 0 0 0 0 0 0 0 0 0 0 0 0 0 0 0 0 0 0 0 0 0 0 0 0 0 0 -0 -0 -5.23869e-011 -2.4761e-011 0 0 0 0 0 0 0 0 0 0 0 0 0 0 0 0 0 0 -0 -0 -0 -0 0 0 0 0 0 0 0 0 0 0 0 -0 -0 -0 0 0 0 0 0 0 0 0 0 0 0 0 0 0 0 0 0 0 0 -0 -0 -0 -0 0 0 0 0 0 0 0 0 0 0 -0 -0 -0 -2.94676e-011 0 0 0 0 0 0 0 0 0 0 0 0 0 0 0 0 0 0 -0 -0 -0 -0 0 0 0 0 0 0 0 0 0 0 0 -0 -0 -5.23869e-011 -4.1554e-011 0 0 0 0 0 0 0 0 0 0 0 0 0 0 0 0 0 0 -0 -0 -0 -0 0 0 0 0 0 0 0 0 0 0 0 0 0 0 0 0 0 0 0 0 0 0 0 0 0 0 -0 -7.03151e+007 0 0 -0 -0 -0 



0 0 0 0 0 0 0 0 0 0 0 0 0 0 0 0 0 0 0 0 0 0 0 0 0 0 0 0 0 0 0 0 0 0 0 0 0 0 0 0 0 0 0 0 0 0 0 0 -0 -0 -5.23869e-011 -2.4761e-011 0 0 0 0 0 0 0 0 0 0 0 0 0 0 0 0 0 0 -0 -0 -0 -0 0 0 0 0 0 0 0 0 0 0 0 -0 -0 -0 0 0 0 0 0 0 0 0 0 0 0 0 0 0 0 0 0 0 0 -0 -0 -0 -0 0 0 0 0 0 0 0 0 0 0 -0 -0 -0 -2.94676e-011 0 0 0 0 0 0 0 0 0 0 0 0 0 0 0 0 0 0 -0 -0 -0 -0 0 0 0 0 0 0 0 0 0 0 0 -0 -0 -5.23869e-011 -4.1554e-011 0 0 0 0 0 0 0 0 0 0 0 0 0 0 0 0 0 0 -0 -0 -0 -0 0 0 0 0 0 0 0 0 0 0 0 0 0 0 0 0 0 0 0 0 0 0 0 0 0 0 -0 -7.03151e+007 0 0 -0 -0 -0 



0 0 0 0 0 0 0 0 0 0 0 0 0 0 0 0 0 0 0 0 0 0 0 0 0 0 0 0 0 0 0 0 0 0 0 0 0 0 0 0 0 0 0 0 0 0 0 0 -0 -0 -5.23869e-011 -2.4761e-011 0 0 0 0 0 0 0 0 0 0 0 0 0 0 0 0 0 0 -0 -0 -0 -0 0 0 0 0 0 0 0 0 0 0 0 -0 -0 -0 0 0 0 0 0 0 0 0 0 0 0 0 0 0 0 0 0 0 0 -0 -0 -0 -0 0 0 0 0 0 0 0 0 0 0 -0 -0 -0 -2.94676e-011 0 0 0 0 0 0 0 0 0 0 0 0 0 0 0 0 0 0 -0 -0 -0 -0 0 0 0 0 0 0 0 0 0 0 0 -0 -0 -5.23869e-011 -4.1554e-011 0 0 0 0 0 0 0 0 0 0 0 0 0 0 0 0 0 0 -0 -0 -0 -0 0 0 0 0 0 0 0 0 0 0 0 0 0 0 0 0 0 0 0 0 0 0 0 0 0 0 -0 -7.03151e+007 0 0 -0 -0 -0 



0 0 0 0 0 0 0 0 0 0 0 0 0 0 0 0 0 0 0 0 0 0 0 0 0 0 0 0 0 0 0 0 0 0 0 0 0 0 0 0 0 0 0 0 0 0 0 0 -0 -0 -5.23869e-011 -2.4761e-011 0 0 0 0 0 0 0 0 0 0 0 0 0 0 0 0 0 0 -0 -0 -0 -0 0 0 0 0 0 0 0 0 0 0 0 -0 -0 -0 0 0 0 0 0 0 0 0 0 0 0 0 0 0 0 0 0 0 0 -0 -0 -0 -0 0 0 0 0 0 0 0 0 0 0 -0 -0 -0 -2.94676e-011 0 0 0 0 0 0 0 0 0 0 0 0 0 0 0 0 0 0 -0 -0 -0 -0 0 0 0 0 0 0 0 0 0 0 0 -0 -0 -5.23869e-011 -4.1554e-011 0 0 0 0 0 0 0 0 0 0 0 0 0 0 0 0 0 0 -0 -0 -0 -0 0 0 0 0 0 0 0 0 0 0 0 0 0 0 0 0 0 0 0 0 0 0 0 0 0 0 -0 -7.03151e+007 0 0 -0 -0 -0 



0 0 0 0 0 0 0 0 0 0 0 0 0 0 0 0 0 0 0 0 0 0 0 0 0 0 0 0 0 0 0 0 0 0 0 0 0 0 0 0 0 0 0 0 0 0 0 0 -0 -0 -5.23869e-011 -2.4761e-011 0 0 0 0 0 0 0 0 0 0 0 0 0 0 0 0 0 0 -0 -0 -0 -0 0 0 0 0 0 0 0 0 0 0 0 -0 -0 -0 0 0 0 0 0 0 0 0 0 0 0 0 0 0 0 0 0 0 0 -0 -0 -0 -0 0 0 0 0 0 0 0 0 0 0 -0 -0 -0 -2.94676e-011 0 0 0 0 0 0 0 0 0 0 0 0 0 0 0 0 0 0 -0 -0 -0 -0 0 0 0 0 0 0 0 0 0 0 0 -0 -0 -5.23869e-011 -4.1554e-011 0 0 0 0 0 0 0 0 0 0 0 0 0 0 0 0 0 0 -0 -0 -0 -0 0 0 0 0 0 0 0 0 0 0 0 0 0 0 0 0 0 0 0 0 0 0 0 0 0 0 -0 -7.03151e+007 0 0 -0 -0 -0 



0 0 0 0 0 0 0 0 0 0 0 0 0 0 0 0 0 0 0 0 0 0 0 0 0 0 0 0 0 0 0 0 0 0 0 0 0 0 0 0 0 0 0 0 0 0 0 0 -0 -0 -5.23869e-011 -2.4761e-011 0 0 0 0 0 0 0 0 0 0 0 0 0 0 0 0 0 0 -0 -0 -0 -0 0 0 0 0 0 0 0 0 0 0 0 -0 -0 -0 0 0 0 0 0 0 0 0 0 0 0 0 0 0 0 0 0 0 0 -0 -0 -0 -0 0 0 0 0 0 0 0 0 0 0 -0 -0 -0 -2.94676e-011 0 0 0 0 0 0 0 0 0 0 0 0 0 0 0 0 0 0 -0 -0 -0 -0 0 0 0 0 0 0 0 0 0 0 0 -0 -0 -5.23869e-011 -4.1554e-011 0 0 0 0 0 0 0 0 0 0 0 0 0 0 0 0 0 0 -0 -0 -0 -0 0 0 0 0 0 0 0 0 0 0 0 0 0 0 0 0 0 0 0 0 0 0 0 0 0 0 -0 -7.03151e+007 0 0 -0 -0 -0 



0 0 0 0 0 0 0 0 0 0 0 0 0 0 0 0 0 0 0 0 0 0 0 0 0 0 0 0 0 0 0 0 0 0 0 0 0 0 0 0 0 0 0 0 0 0 0 0 -0 -0 -5.23869e-011 -2.4761e-011 0 0 0 0 0 0 0 0 0 0 0 0 0 0 0 0 0 0 -0 -0 -0 -0 0 0 0 0 0 0 0 0 0 0 0 -0 -0 -0 0 0 0 0 0 0 0 0 0 0 0 0 0 0 0 0 0 0 0 -0 -0 -0 -0 0 0 0 0 0 0 0 0 0 0 -0 -0 -0 -2.94676e-011 0 0 0 0 0 0 0 0 0 0 0 0 0 0 0 0 0 0 -0 -0 -0 -0 0 0 0 0 0 0 0 0 0 0 0 -0 -0 -5.23869e-011 -4.1554e-011 0 0 0 0 0 0 0 0 0 0 0 0 0 0 0 0 0 0 -0 -0 -0 -0 0 0 0 0 0 0 0 0 0 0 0 0 0 0 0 0 0 0 0 0 0 0 0 0 0 0 -0 -7.03151e+007 0 0 -0 -0 -0 



0 0 0 0 0 0 0 0 0 0 0 0 0 0 0 0 0 0 0 0 0 0 0 0 0 0 0 0 0 0 0 0 0 0 0 0 0 0 0 0 0 0 0 0 0 0 0 0 -0 -0 -5.23869e-011 -2.4761e-011 0 0 0 0 0 0 0 0 0 0 0 0 0 0 0 0 0 0 -0 -0 -0 -0 0 0 0 0 0 0 0 0 0 0 0 -0 -0 -0 0 0 0 0 0 0 0 0 0 0 0 0 0 0 0 0 0 0 0 -0 -0 -0 -0 0 0 0 0 0 0 0 0 0 0 -0 -0 -0 -2.94676e-011 0 0 0 0 0 0 0 0 0 0 0 0 0 0 0 0 0 0 -0 -0 -0 -0 0 0 0 0 0 0 0 0 0 0 0 -0 -0 -5.23869e-011 -4.1554e-011 0 0 0 0 0 0 0 0 0 0 0 0 0 0 0 0 0 0 -0 -0 -0 -0 0 0 0 0 0 0 0 0 0 0 0 0 0 0 0 0 0 0 0 0 0 0 0 0 0 0 -0 -7.03151e+007 0 0 -0 -0 -0 



0 0 0 0 0 0 0 0 0 0 0 0 0 0 0 0 0 0 0 0 0 0 0 0 0 0 0 0 0 0 0 0 0 0 0 0 0 0 0 0 0 0 0 0 0 0 0 0 -0 -0 -5.23869e-011 -2.4761e-011 0 0 0 0 0 0 0 0 0 0 0 0 0 0 0 0 0 0 -0 -0 -0 -0 0 0 0 0 0 0 0 0 0 0 0 -0 -0 -0 0 0 0 0 0 0 0 0 0 0 0 0 0 0 0 0 0 0 0 -0 -0 -0 -0 0 0 0 0 0 0 0 0 0 0 -0 -0 -0 -2.94676e-011 0 0 0 0 0 0 0 0 0 0 0 0 0 0 0 0 0 0 -0 -0 -0 -0 0 0 0 0 0 0 0 0 0 0 0 -0 -0 -5.23869e-011 -4.1554e-011 0 0 0 0 0 0 0 0 0 0 0 0 0 0 0 0 0 0 -0 -0 -0 -0 0 0 0 0 0 0 0 0 0 0 0 0 0 0 0 0 0 0 0 0 0 0 0 0 0 0 -0 -7.03151e+007 0 0 -0 -0 -0 



0 0 0 0 0 0 0 0 0 0 0 0 0 0 0 0 0 0 0 0 0 0 0 0 0 0 0 0 0 0 0 -0 -0 -0 -0 -0 -0 -0 -0 -0 -0 -0 -0 -0 -0 -0 -0 -0 0.19754 23.7538 41.9004 13.0517 -5.72402 6.00805 10.1605 0.0740741 0 0 0 0 0 0 0 0 0 0 0.111111 8.4321 12.6148 -1.16472 6.43058 43.1677 25.3947 2.24698 -0 -0 -0 -0 -0 -0 -0 -0 -0 -0 -0 10.2719 32.8864 37.1806 -0.443582 1.69482 12.4757 4.54321 0 0 0 0 0 0 0 0 0 0 0 1.67901 10.3753 10.5631 -2.53358 22.2219 35.5019 15.7783 0.246922 -0 -0 -0 -0 -0 -0 -0 -0 -0 -0 0.246922 21.5068 36.761 13.9979 -3.21678 9.41701 11.284 0.111111 0 0 0 0 0 0 0 0 0 0 0.0864198 7.27161 10.5942 -2.62771 4.75862 46.7795 27.5628 4.51866 -0 -0 -0 -0 -0 -0 -0 -0 -0 -0 -0 7.97555 30.787 37.1969 0.98517 4.65725 13.2996 5.62963 0 0 0 0 0 0 0 0 0 0 0 0.555556 9.59671 6.80891 0 4.41956 5.74543 -0 -0 0 0 0 0 0 0 0 0 0 0 0 0 0 0 0 0 0 0 0 0 0 0 0 0 0 0 -0 -7.03166e+007 77548.3 77548.3 -30830 -0 -0 



0 0 0 0 0 0 0 0 0 0 0 0 0 0 0 0 0 0 0 0 0 0 0 0 0 0 0 0 0 0 0 -0.0790117 -0.711106 -1.59999 -0.967894 -0.177776 -0 -0 -0 -0 -0 -0 -0 -0 -0 -0 -0 -0 75.7541 9110.54 14126.2 1943.12 3270.98 14282.2 7751.17 55.8905 0 0 0 0 0 0 0 0 0 0 84.1498 6433.06 14505.5 4974.23 907.812 13753.9 10395.6 861.692 -0 -0 -0 -0 -0 -0 -0 -0 -0 -0 -0 3939.79 13447.6 9723.19 -0.775429 10544.3 12911.8 3465.21 0 0 0 0 0 0 0 0 0 0 0 1280.46 10738.6 13412 627.859 5701.64 14585.3 6051.41 94.6917 -0 -0 -0 -0 -0 -0 -0 -0 -0 -0 94.6917 8248.23 14233.2 2822.87 2317.86 14050.1 8608.98 84.1498 0 0 0 0 0 0 0 0 0 0 65.3103 5546.98 14434 6355.32 430.723 13318.1 11271 1733.48 -0 -0 -0 -0 -0 -0 -0 -0 -0 -0 -0 3058.53 12609.3 11620.4 43.3831 8811.33 13779.7 4294.78 0 0 0 0 0 0 0 0 0 0 0 422.633 9969.05 16659.2 3798.72 -4072.19 -930.889 -0.00054858 -0 0 0 0 0 0 0 0 0 0 0 0 0 0 0 0 0 0 0 0 0 0 0 0 0 0 0 -0 -7.0424e+007 292967 293018 -116547 -51.8852 -0 



0 0 0 0 0 0 0 0 0 0 0 0 0 0 0 0 0 0 0 0 0 0 0 0 0 0 0 0 0 0 -0 -496.382 -4280.66 -11351.6 -9103.59 -3715.89 -812.096 -5.86094 -0 -0 -0 -0 -0 -0 -0 -0 -0 -0 150.983 17971 15430.1 -39686.1 -31807.9 18644.4 15607.9 106.947 0 0 0 0 0 0 0 0 0 0 164.082 12988 21550.4 -23292.6 -44039.4 11513.6 19865.1 1732.63 -0 -0 -0 -0 -0 -0 -0 -0 -0 -0 -0 7922.14 23223.6 -5271.33 -45466.4 -2102.39 22757.9 6990.24 0 0 0 0 0 0 0 0 0 0 0 2581.37 20344.2 9865.5 -44567.7 -20359.8 22340.3 12170.1 189.096 -0 -0 -0 -0 -0 -0 -0 -0 -0 -0 189.096 16477.3 17523.7 -34356.8 -37047.2 16376.8 17157.8 164.082 0 0 0 0 0 0 0 0 0 0 125.992 11196.6 22880.1 -17415.8 -45073.4 8309.7 20996.3 3487.24 -0 -0 -0 -0 -0 -0 -0 -0 -0 -0 -0 6147.41 22516.6 1165.49 -45586.9 -8300.53 23458.9 8669.46 0 0 0 0 0 0 0 0 0 0 0 912.708 21503.5 32517.7 -3175.91 -17572.1 -4135.22 -0.0351199 -0 0 0 0 0 0 0 0 0 0 0 0 0 0 0 0 0 0 0 0 0 0 0 0 0 0 0 -0 -7.04295e+007 74897.2 75104.7 -30093 -207.514 -0 



0 0 0 0 0 0 0 0 0 0 0 0 0 0 0 0 0 0 0 0 0 0 0 0 0 0 0 0 0 0 -0 -1971.91 -17313.1 -45312.4 -35474.4 -13764.6 -2862.76 -16.6974 -0 -0 -0 -0 -0 -0 -0 -0 -0 -0 49.0518 3613.27 -44035.1 -173050 -151772 -32906.8 4132.97 24.0971 0 0 0 0 0 0 0 0 0 0 39.8136 3552.93 -22910.8 -130583 -182699 -56846.2 1584.58 489.459 -0 -0 -0 -0 -0 -0 -0 -0 -0 -0 -0 2182.34 -7860.53 -93692.9 -181696 -87786.4 -6084.3 1910.08 0 0 0 0 0 0 0 0 0 0 0 701.983 574.793 -61494.1 -182833 -123898 -19876.8 3349.11 59.4869 -0 -0 -0 -0 -0 -0 -0 -0 -0 -0 59.4869 4114.01 -36489 -158311 -165526 -40231.4 3868.57 39.8136 0 0 0 0 0 0 0 0 0 0 29.3363 3061.67 -17058.5 -117507 -183277 -66350.2 -457.766 969.525 -0 -0 -0 -0 -0 -0 -0 -0 -0 -0 -0 1698.69 -4390.35 -82191.8 -182478 -99499.3 -9824.21 2372.26 0 0 0 0 0 0 0 0 0 0 0 464.147 10307.7 3444.49 -41657.7 -39393.2 -9459.98 -0.198089 -0 0 0 0 0 0 0 0 0 0 0 0 0 0 0 0 0 0 0 0 0 0 0 0 0 0 0 -0 -7.0096e+007 -371203 -371090 147399 -113.097 -0 



0 0 0 0 0 0 0 0 0 0 0 0 0 0 0 0 0 0 0 0 0 0 0 0 0 0 0 0 0 0 -0 -2484.77 -26860.2 -58583.5 -29470.4 1727.03 3128.36 20.2536 0 0 0 0 0 0 0 0 0 0 8.22815 9.13298 -62229.5 -218198 -192192 -48422.7 1372.19 18.1636 -0 -0 -0 -0 -0 -0 -0 -0 -0 -0 23.8006 1300.25 -35943.3 -166445 -229790 -78116.9 -3168.04 158.863 0 0 0 0 0 0 0 0 0 0 0 772.136 -16537.3 -122373 -228110 -115490 -14016.5 701.476 -0 -0 -0 -0 -0 -0 -0 -0 -0 -0 -0 266.82 -4597.6 -83916.1 -229852 -158287 -32155.4 1191.13 12.0261 0 0 0 0 0 0 0 0 0 0 12.0261 1063.19 -52804.8 -200100 -208986 -57509.5 613.701 23.8006 -0 -0 -0 -0 -0 -0 -0 -0 -0 -0 20.0435 1125.09 -28556 -150719 -230293 -89833.8 -6163.86 333.55 0 0 0 0 0 0 0 0 0 0 0 597.625 -11763.4 -108852 -229106 -129335 -19146.5 868.291 -0 -0 -0 -0 -0 -0 -0 -0 -0 -0 -0 -164.727 -4961.67 -25670 -59273.6 -42249.9 -10229.6 -0.303017 -0 0 0 0 0 0 0 0 0 0 0 0 0 0 0 0 0 0 0 0 0 0 0 0 0 0 0 -0 -6.99797e+007 -582621 -582571 231523 -49.7194 -0 



0 0 0 0 0 0 0 0 0 0 0 0 0 0 0 0 0 0 0 0 0 0 0 0 0 0 0 0 0 0 -0 -800.382 -16835.8 -21246.5 15277.3 31552.8 11958.7 80.3953 0 0 0 0 0 0 0 0 0 0 122.268 17071.4 7142.91 -64342.4 -53655.4 11995.9 15164.7 134.061 -0 -0 -0 -0 -0 -0 -0 -0 -0 -0 189.36 12648.8 16352.4 -42386 -69895.8 1469.4 18498.3 1624.65 0 0 0 0 0 0 0 0 0 0 0 7606.09 20073.3 -19888.7 -71049.4 -15979.1 20156.1 6822.35 -0 -0 -0 -0 -0 -0 -0 -0 -0 -0 -0 2547.09 18961.7 -719.388 -70398 -38609.8 17360.4 11691.2 159.115 0 0 0 0 0 0 0 0 0 0 159.115 15777.2 10291.8 -57057.5 -60682.8 8728.67 16553.6 189.36 -0 -0 -0 -0 -0 -0 -0 -0 -0 -0 152.494 10916.6 18518.8 -34874.4 -70950.5 -3014.45 19213 3319.65 0 0 0 0 0 0 0 0 0 0 0 5893.35 19979.9 -12099.3 -71278.7 -23570.2 20207.8 8444.9 -0 -0 -0 -0 -0 -0 -0 -0 -0 -0 -0 -142.435 -3862.55 -11900.1 -19406.6 -12253.3 -2980.86 -0.115359 -0 0 0 0 0 0 0 0 0 0 0 0 0 0 0 0 0 0 0 0 0 0 0 0 0 0 0 -0 -7.01059e+007 1.25999e+008 2.93914e+008 -1.83492e+008 -3.1484e+008 -3.1484e+008 



0 0 0 0 0 0 0 0 0 0 0 0 0 0 0 0 0 0 0 0 0 0 0 0 0 0 0 0 0 0 -0 -46.3078 -5614.2 -2632.43 14877.7 19391.4 6908.15 49.4337 0 0 0 0 0 0 0 0 0 0 87.1374 12019.6 17875.7 -198.496 1989.39 18502 10411.7 88.3219 -0 -0 -0 -0 -0 -0 -0 -0 -0 -0 126.173 8650.35 18984.7 4606.81 -1708.93 17163 13676.3 1116.03 0 0 0 0 0 0 0 0 0 0 0 5198.01 17547.3 11275.2 -2860.88 12688.3 17118.9 4664.97 -0 -0 -0 -0 -0 -0 -0 -0 -0 -0 -0 1739.5 14330.4 16907.7 -2031.22 5518.46 18860.6 7986.41 112.273 0 0 0 0 0 0 0 0 0 0 112.273 10891.3 18142.7 1187.4 505.118 18084.5 11548.3 126.173 -0 -0 -0 -0 -0 -0 -0 -0 -0 -0 100.94 7464.35 18978.7 6650.51 -2341.45 16429.5 14797.5 2272.28 0 0 0 0 0 0 0 0 0 0 0 4029.23 16497 13956.8 -2822.99 10201.1 18215.5 5775.31 -0 -0 -0 -0 -0 -0 -0 -0 -0 -0 -0 -0 -18.4771 -252.73 -739.121 -556.994 -134.805 -0.0067201 -0 0 0 0 0 0 0 0 0 0 0 0 0 0 0 0 0 0 0 0 0 0 0 0 0 0 0 -0 -7.04487e+007 296008 296121 -117831 -113.097 -0 



0 0 0 0 0 0 0 0 0 0 0 0 0 0 0 0 0 0 0 0 0 0 0 0 0 0 0 0 0 0 -0 2.03257 -35.0316 -16.2673 137.704 182.196 67.9011 0.493827 0 0 0 0 0 0 0 0 0 0 0.864197 118.395 174.044 16.7904 61.6842 222.305 122.371 1.03706 -0 -0 -0 -0 -0 -0 -0 -0 -0 -0 1.4815 101.63 230.277 94.1337 3.49747 164.041 131.156 10.9877 0 0 0 0 0 0 0 0 0 0 0 51.111 169.942 111.706 0.67232 181.065 201.183 54.8152 -0 -0 -0 -0 -0 -0 -0 -0 -0 -0 -0 20.4446 167.385 221.822 15.8565 61.8516 184 78.5184 1.11111 0 0 0 0 0 0 0 0 0 0 1.11111 107.16 171.548 23.7551 48.75 226.014 135.853 1.4815 -0 -0 -0 -0 -0 -0 -0 -0 -0 -0 1.18521 87.7044 225.548 114.137 0.34489 160.127 142.374 22.3457 0 0 0 0 0 0 0 0 0 0 0 39.6295 159.082 129.477 -1.71612 159.63 214.439 67.8524 -0 -0 -0 -0 -0 -0 -0 -0 -0 -0 -0 -0 -0 -0 -0 -0 -0 0 0 0 0 0 0 0 0 0 0 0 0 0 0 0 0 0 0 0 0 0 0 0 0 0 0 0 0 -0 -7.04244e+007 148081 148081 -58871.1 -0.023085 -0 



0 0 0 0 0 0 0 0 0 0 0 0 0 0 0 0 0 0 0 0 0 0 0 0 0 0 0 0 0 0 -0 -0 -0 -2.59712e-012 0 0 0 0 0 0 0 0 0 0 0 0 0 0 0 0 0 0 -0 -0 -0 -0 0 0 0 0 0 0 0 0 0 0 -0 -0 -0 -5.23869e-011 0 0 0 0 0 0 0 0 0 0 0 0 0 0 0 0 0 0 -0 -0 -0 -0 0 0 0 0 0 0 0 0 0 0 0 -0 -0 -0 -0 0 0 0 0 0 0 0 0 0 0 0 0 0 0 0 0 0 0 -0 -0 -0 -0 0 0 0 0 0 0 0 0 0 0 -0 -0 -0 -1.30967e-011 0 0 0 0 0 0 0 0 0 0 0 0 0 0 0 0 0 0 0 -0 -0 -0 0 0 0 0 0 0 0 0 0 0 0 0 0 0 0 0 0 0 0 0 0 0 0 0 0 0 0 0 0 0 0 0 0 0 0 0 0 0 0 0 0 0 0 0 0 -0 -6.10002e+007 0 0 -0 -0 -0 



0 0 0 0 0 0 0 0 0 0 0 0 0 0 0 0 0 0 0 0 0 0 0 0 0 0 0 0 0 0 -0 -0 -0 -2.59712e-012 0 0 0 0 0 0 0 0 0 0 0 0 0 0 0 0 0 0 -0 -0 -0 -0 0 0 0 0 0 0 0 0 0 0 -0 -0 -0 -5.23869e-011 0 0 0 0 0 0 0 0 0 0 0 0 0 0 0 0 0 0 -0 -0 -0 -0 0 0 0 0 0 0 0 0 0 0 0 -0 -0 -0 -0 0 0 0 0 0 0 0 0 0 0 0 0 0 0 0 0 0 0 -0 -0 -0 -0 0 0 0 0 0 0 0 0 0 0 -0 -0 -0 -1.30967e-011 0 0 0 0 0 0 0 0 0 0 0 0 0 0 0 0 0 0 0 -0 -0 -0 0 0 0 0 0 0 0 0 0 0 0 0 0 0 0 0 0 0 0 0 0 0 0 0 0 0 0 0 0 0 0 0 0 0 0 0 0 0 0 0 0 0 0 0 0 -0 -7.03151e+007 0 0 -0 -0 -0 



0 0 0 0 0 0 0 0 0 0 0 0 0 0 0 0 0 0 0 0 0 0 0 0 0 0 0 0 0 0 -0 -0 -0 -2.59712e-012 0 0 0 0 0 0 0 0 0 0 0 0 0 0 0 0 0 0 -0 -0 -0 -0 0 0 0 0 0 0 0 0 0 0 -0 -0 -0 -5.23869e-011 0 0 0 0 0 0 0 0 0 0 0 0 0 0 0 0 0 0 -0 -0 -0 -0 0 0 0 0 0 0 0 0 0 0 0 -0 -0 -0 -0 0 0 0 0 0 0 0 0 0 0 0 0 0 0 0 0 0 0 -0 -0 -0 -0 0 0 0 0 0 0 0 0 0 0 -0 -0 -0 -1.30967e-011 0 0 0 0 0 0 0 0 0 0 0 0 0 0 0 0 0 0 0 -0 -0 -0 0 0 0 0 0 0 0 0 0 0 0 0 0 0 0 0 0 0 0 0 0 0 0 0 0 0 0 0 0 0 0 0 0 0 0 0 0 0 0 0 0 0 0 0 0 -0 -7.03151e+007 0 0 -0 -0 -0 



0 0 0 0 0 0 0 0 0 0 0 0 0 0 0 0 0 0 0 0 0 0 0 0 0 0 0 0 0 0 -0 -0 -0 -2.59712e-012 0 0 0 0 0 0 0 0 0 0 0 0 0 0 0 0 0 0 -0 -0 -0 -0 0 0 0 0 0 0 0 0 0 0 -0 -0 -0 -5.23869e-011 0 0 0 0 0 0 0 0 0 0 0 0 0 0 0 0 0 0 -0 -0 -0 -0 0 0 0 0 0 0 0 0 0 0 0 -0 -0 -0 -0 0 0 0 0 0 0 0 0 0 0 0 0 0 0 0 0 0 0 -0 -0 -0 -0 0 0 0 0 0 0 0 0 0 0 -0 -0 -0 -1.30967e-011 0 0 0 0 0 0 0 0 0 0 0 0 0 0 0 0 0 0 0 -0 -0 -0 0 0 0 0 0 0 0 0 0 0 0 0 0 0 0 0 0 0 0 0 0 0 0 0 0 0 0 0 0 0 0 0 0 0 0 0 0 0 0 0 0 0 0 0 0 -0 -7.03151e+007 0 0 -0 -0 -0 



0 0 0 0 0 0 0 0 0 0 0 0 0 0 0 0 0 0 0 0 0 0 0 0 0 0 0 0 0 0 -0 -0 -0 -2.59712e-012 0 0 0 0 0 0 0 0 0 0 0 0 0 0 0 0 0 0 -0 -0 -0 -0 0 0 0 0 0 0 0 0 0 0 -0 -0 -0 -5.23869e-011 0 0 0 0 0 0 0 0 0 0 0 0 0 0 0 0 0 0 -0 -0 -0 -0 0 0 0 0 0 0 0 0 0 0 0 -0 -0 -0 -0 0 0 0 0 0 0 0 0 0 0 0 0 0 0 0 0 0 0 -0 -0 -0 -0 0 0 0 0 0 0 0 0 0 0 -0 -0 -0 -1.30967e-011 0 0 0 0 0 0 0 0 0 0 0 0 0 0 0 0 0 0 0 -0 -0 -0 0 0 0 0 0 0 0 0 0 0 0 0 0 0 0 0 0 0 0 0 0 0 0 0 0 0 0 0 0 0 0 0 0 0 0 0 0 0 0 0 0 0 0 0 0 -0 -7.03151e+007 0 0 -0 -0 -0 



0 0 0 0 0 0 0 0 0 0 0 0 0 0 0 0 0 0 0 0 0 0 0 0 0 0 0 0 0 0 -0 -0 -0 -2.59712e-012 0 0 0 0 0 0 0 0 0 0 0 0 0 0 0 0 0 0 -0 -0 -0 -0 0 0 0 0 0 0 0 0 0 0 -0 -0 -0 -5.23869e-011 0 0 0 0 0 0 0 0 0 0 0 0 0 0 0 0 0 0 -0 -0 -0 -0 0 0 0 0 0 0 0 0 0 0 0 -0 -0 -0 -0 0 0 0 0 0 0 0 0 0 0 0 0 0 0 0 0 0 0 -0 -0 -0 -0 0 0 0 0 0 0 0 0 0 0 -0 -0 -0 -1.30967e-011 0 0 0 0 0 0 0 0 0 0 0 0 0 0 0 0 0 0 0 -0 -0 -0 0 0 0 0 0 0 0 0 0 0 0 0 0 0 0 0 0 0 0 0 0 0 0 0 0 0 0 0 0 0 0 0 0 0 0 0 0 0 0 0 0 0 0 0 0 -0 -7.03151e+007 0 0 -0 -0 -0 



0 0 0 0 0 0 0 0 0 0 0 0 0 0 0 0 0 0 0 0 0 0 0 0 0 0 0 0 0 0 -0 -0 -0 -2.59712e-012 0 0 0 0 0 0 0 0 0 0 0 0 0 0 0 0 0 0 -0 -0 -0 -0 0 0 0 0 0 0 0 0 0 0 -0 -0 -0 -5.23869e-011 0 0 0 0 0 0 0 0 0 0 0 0 0 0 0 0 0 0 -0 -0 -0 -0 0 0 0 0 0 0 0 0 0 0 0 -0 -0 -0 -0 0 0 0 0 0 0 0 0 0 0 0 0 0 0 0 0 0 0 -0 -0 -0 -0 0 0 0 0 0 0 0 0 0 0 -0 -0 -0 -1.30967e-011 0 0 0 0 0 0 0 0 0 0 0 0 0 0 0 0 0 0 0 -0 -0 -0 0 0 0 0 0 0 0 0 0 0 0 0 0 0 0 0 0 0 0 0 0 0 0 0 0 0 0 0 0 0 0 0 0 0 0 0 0 0 0 0 0 0 0 0 0 -0 -7.03151e+007 0 0 -0 -0 -0 



0 0 0 0 0 0 0 0 0 0 0 0 0 0 0 0 0 0 0 0 0 0 0 0 0 0 0 0 0 0 -0 -0 -0 -2.59712e-012 0 0 0 0 0 0 0 0 0 0 0 0 0 0 0 0 0 0 -0 -0 -0 -0 0 0 0 0 0 0 0 0 0 0 -0 -0 -0 -5.23869e-011 0 0 0 0 0 0 0 0 0 0 0 0 0 0 0 0 0 0 -0 -0 -0 -0 0 0 0 0 0 0 0 0 0 0 0 -0 -0 -0 -0 0 0 0 0 0 0 0 0 0 0 0 0 0 0 0 0 0 0 -0 -0 -0 -0 0 0 0 0 0 0 0 0 0 0 -0 -0 -0 -1.30967e-011 0 0 0 0 0 0 0 0 0 0 0 0 0 0 0 0 0 0 0 -0 -0 -0 0 0 0 0 0 0 0 0 0 0 0 0 0 0 0 0 0 0 0 0 0 0 0 0 0 0 0 0 0 0 0 0 0 0 0 0 0 0 0 0 0 0 0 0 0 -0 -7.03151e+007 0 0 -0 -0 -0 



0 0 0 0 0 0 0 0 0 0 0 0 0 0 0 0 0 0 0 0 0 0 0 0 0 0 0 0 0 0 -0 -0 -0 -2.59712e-012 0 0 0 0 0 0 0 0 0 0 0 0 0 0 0 0 0 0 -0 -0 -0 -0 0 0 0 0 0 0 0 0 0 0 -0 -0 -0 -5.23869e-011 0 0 0 0 0 0 0 0 0 0 0 0 0 0 0 0 0 0 -0 -0 -0 -0 0 0 0 0 0 0 0 0 0 0 0 -0 -0 -0 -0 0 0 0 0 0 0 0 0 0 0 0 0 0 0 0 0 0 0 -0 -0 -0 -0 0 0 0 0 0 0 0 0 0 0 -0 -0 -0 -1.30967e-011 0 0 0 0 0 0 0 0 0 0 0 0 0 0 0 0 0 0 0 -0 -0 -0 0 0 0 0 0 0 0 0 0 0 0 0 0 0 0 0 0 0 0 0 0 0 0 0 0 0 0 0 0 0 0 0 0 0 0 0 0 0 0 0 0 0 0 0 0 -0 -7.03151e+007 0 0 -0 -0 -0 



0 0 0 0 0 0 0 0 0 0 0 0 0 0 0 0 0 0 0 0 0 0 0 0 0 0 0 0 0 0 -0 -0 -0 -2.59712e-012 0 0 0 0 0 0 0 0 0 0 0 0 0 0 0 0 0 0 -0 -0 -0 -0 0 0 0 0 0 0 0 0 0 0 -0 -0 -0 -5.23869e-011 0 0 0 0 0 0 0 0 0 0 0 0 0 0 0 0 0 0 -0 -0 -0 -0 0 0 0 0 0 0 0 0 0 0 0 -0 -0 -0 -0 0 0 0 0 0 0 0 0 0 0 0 0 0 0 0 0 0 0 -0 -0 -0 -0 0 0 0 0 0 0 0 0 0 0 -0 -0 -0 -1.30967e-011 0 0 0 0 0 0 0 0 0 0 0 0 0 0 0 0 0 0 0 -0 -0 -0 0 0 0 0 0 0 0 0 0 0 0 0 0 0 0 0 0 0 0 0 0 0 0 0 0 0 0 0 0 0 0 0 0 0 0 0 0 0 0 0 0 0 0 0 0 -0 -7.03151e+007 0 0 -0 -0 -0 



0 0 0 0 0 0 0 0 0 0 0 0 0 0 0 0 0 0 0 0 0 0 0 0 0 0 0 0 0 0 -0 1.01551 -0 -1.10242 11.1272 16.7984 6.79012 0.0493827 0 0 0 0 0 0 0 0 0 0 0.0864198 11.8395 14.5035 -2.19034 14.235 39.0543 20.3957 0.172847 -0 -0 -0 -0 -0 -0 -0 -0 -0 -0 0.246922 16.9388 40.7219 20.9182 -2.99731 10.3606 12.6634 1.09877 0 0 0 0 0 0 0 0 0 0 0 5.11111 16.4082 4.85727 0.318513 35.5376 34.0998 9.13608 -0 -0 -0 -0 -0 -0 -0 -0 -0 -0 -0 3.40751 28.3712 40.4899 4.59015 1.23716 17.7185 7.85185 0.111111 0 0 0 0 0 0 0 0 0 0 0.111111 10.716 13.7854 -2.63977 11.988 40.809 22.6427 0.246922 -0 -0 -0 -0 -0 -0 -0 -0 -0 -0 0.19754 14.6177 38.4754 23.6145 -2.06934 10.7952 13.7465 2.23457 0 0 0 0 0 0 0 0 0 0 0 3.96296 15.3597 5.32152 -1.02961 32.5473 36.3443 11.309 -0 -0 -0 -0 -0 -0 -0 -0 -0 -0 -0 -0 -0 -0 -0 -0 -0 0 0 0 0 0 0 0 0 0 0 0 0 0 0 0 0 0 0 0 0 0 0 0 0 0 0 0 0 -0 -7.03151e+007 73675.6 73675.6 -29290.4 -0 -0 



0 0 0 0 0 0 0 0 0 0 0 0 0 0 0 0 0 0 0 0 0 0 0 0 0 0 0 0 0 0 -0 -7.11821 -2654.82 -959.51 7678.01 9759.82 3462.96 25.1852 0 0 0 0 0 0 0 0 0 0 44.0741 6038.14 9369.36 1275.31 2225.27 9620.66 5231.33 44.3338 -0 -0 -0 -0 -0 -0 -0 -0 -0 -0 63.3335 4344.67 9783.87 3379.46 591.427 9110.27 6890.67 560.37 0 0 0 0 0 0 0 0 0 0 0 2606.66 8919.03 6431.94 4.15105 7125.74 8704.27 2343.33 -0 -0 -0 -0 -0 -0 -0 -0 -0 -0 -0 874.001 7242 9047.15 436.823 3766.72 9677.02 4004.44 56.6667 0 0 0 0 0 0 0 0 0 0 56.6667 5465.18 9444.34 1857.25 1583.11 9469.07 5807.67 63.3335 -0 -0 -0 -0 -0 -0 -0 -0 -0 -0 50.6673 3749.33 9733.02 4308.35 278.558 8815.92 7472.19 1139.63 0 0 0 0 0 0 0 0 0 0 0 2021.11 8362.22 7692.29 27.9684 5962.03 9287.53 2900.67 -0 -0 -0 -0 -0 -0 -0 -0 -0 -0 -0 -0 -0.00054858 -0.0111087 -0.0396406 -0.0351145 -0.0111118 -0.000137145 0 0 0 0 0 0 0 0 0 0 0 0 0 0 0 0 0 0 0 0 0 0 0 0 0 0 0 -0 -7.03891e+007 222473 222487 -88466 -14.2178 -0 



0 0 0 0 0 0 0 0 0 0 0 0 0 0 0 0 0 0 0 0 0 0 0 0 0 0 0 0 0 0 -0 -302.518 -10697.5 -9302.46 18909.9 28375 10336.3 70.4263 0 0 0 0 0 0 0 0 0 0 125.761 17783.9 20643.7 -20694.8 -15047.4 22814.4 15511.1 128.612 -0 -0 -0 -0 -0 -0 -0 -0 -0 -0 185.355 12904.9 24687.1 -8772.58 -24012 18107.3 19937.2 1661.31 0 0 0 0 0 0 0 0 0 0 0 7759 24415 5254.22 -25566.6 7936.54 23984.8 6954.73 -0 -0 -0 -0 -0 -0 -0 -0 -0 -0 -0 2591.16 20743.3 17126.4 -24506.4 -6621 24899.3 11926.7 163.49 0 0 0 0 0 0 0 0 0 0 163.49 16209.8 21919.1 -16948.6 -18811.1 21345.2 17123.6 185.355 -0 -0 -0 -0 -0 -0 -0 -0 -0 -0 147.526 11134.8 25371.8 -4280.97 -24999 15924.6 21317.4 3389.27 0 0 0 0 0 0 0 0 0 0 0 6009.9 23303.5 10494.7 -25600 2961.4 25130.1 8614.24 -0 -0 -0 -0 -0 -0 -0 -0 -0 -0 -0 -2.52206 -170.843 -2240.71 -6529.28 -4923.69 -1192.52 -0.0444411 -0 0 0 0 0 0 0 0 0 0 0 0 0 0 0 0 0 0 0 0 0 0 0 0 0 0 0 -0 -7.04436e+007 286452 286655 -114218 -203.16 -0 



0 0 0 0 0 0 0 0 0 0 0 0 0 0 0 0 0 0 0 0 0 0 0 0 0 0 0 0 0 0 -0 -1530.03 -21731.8 -37604.7 -2467.92 20705.6 8867.91 58.6994 0 0 0 0 0 0 0 0 0 0 63.1008 8727.01 -24363.8 -131148 -114010 -15704.2 8368.16 80.486 -0 -0 -0 -0 -0 -0 -0 -0 -0 -0 111.218 7051.11 -7840.82 -96643.2 -139219 -34426 8025.5 896.636 0 0 0 0 0 0 0 0 0 0 0 4232.71 2812.62 -65270.5 -139044 -60220.8 3982.18 3805.35 -0 -0 -0 -0 -0 -0 -0 -0 -0 -0 -0 1425.33 7611.24 -38194.7 -139514 -91010.6 -5605.74 6510.26 83.6461 0 0 0 0 0 0 0 0 0 0 83.6461 8540.2 -18515.7 -119284 -125149 -21462.1 8734.53 111.218 -0 -0 -0 -0 -0 -0 -0 -0 -0 -0 90.7292 6089.11 -3405.68 -85728.7 -139987 -41992.7 7041.29 1841.7 0 0 0 0 0 0 0 0 0 0 0 3278.68 4911.91 -55206.4 -139605 -70322.8 1700.46 4707.68 -0 -0 -0 -0 -0 -0 -0 -0 -0 -0 -0 -253.163 -6795.65 -21985.3 -37623.8 -24239.4 -5887.28 -0.198076 -0 0 0 0 0 0 0 0 0 0 0 0 0 0 0 0 0 0 0 0 0 0 0 0 0 0 0 -0 -7.02018e+007 -359660 -359542 142877 -117.112 -0 



0 0 0 0 0 0 0 0 0 0 0 0 0 0 0 0 0 0 0 0 0 0 0 0 0 0 0 0 0 0 -0 -2495.49 -24035.8 -57972.4 -38488.1 -9401.51 -794.044 -4.95809 -0 -0 -0 -0 -0 -0 -0 -0 -0 -0 3.51207 -1603.22 -65196.6 -220068 -194118 -51322.8 -27.5195 -0.63935 0 0 0 0 0 0 0 0 0 0 0 135.967 -38816.7 -168496 -231565 -81131.2 -5034.12 22.518 -0 -0 -0 -0 -0 -0 -0 -0 -0 -0 -0 85.8319 -19038.7 -124979 -229701 -118184 -16453.3 70.7376 0 0 0 0 0 0 0 0 0 0 0 26.0068 -6567.84 -86893.6 -231574 -160438 -34983.4 132.933 3.92528 -0 -0 -0 -0 -0 -0 -0 -0 -0 -0 3.92528 -387.592 -55730.8 -202016 -210857 -60427.1 -944.75 0 0 0 0 0 0 0 0 0 0 0 -0.42616 117.411 -31366.3 -152902 -231980 -92850.8 -8208.37 41.5235 -0 -0 -0 -0 -0 -0 -0 -0 -0 -0 -0 68.6936 -14083.8 -111715 -230713 -131813 -21773 90.9778 0 0 0 0 0 0 0 0 0 0 0 75.2486 812.592 -16115.2 -57416.2 -44867 -10828.8 -0.277779 -0 0 0 0 0 0 0 0 0 0 0 0 0 0 0 0 0 0 0 0 0 0 0 0 0 0 0 -0 -6.99796e+007 -591993 -591993 235318 -0.0350224 -0 



0 0 0 0 0 0 0 0 0 0 0 0 0 0 0 0 0 0 0 0 0 0 0 0 0 0 0 0 0 0 -0 -1109.33 -8641.57 -25160.8 -23246.5 -11864.4 -3063.1 -16.7479 -0 -0 -0 -0 -0 -0 -0 -0 -0 -0 141.431 15333.8 -4212.03 -94651.3 -80651.9 2431.24 13680.7 91.2654 0 0 0 0 0 0 0 0 0 0 141.555 11423.1 8366.69 -66215.7 -101595 -11986.4 16066.5 1538.97 -0 -0 -0 -0 -0 -0 -0 -0 -0 -0 -0 6982.26 15204 -38640 -102321 -33941.4 15498.8 6148.33 0 0 0 0 0 0 0 0 0 0 0 2268.59 16068.4 -14942.5 -102040 -61502.5 10087.5 10719 174.927 -0 -0 -0 -0 -0 -0 -0 -0 -0 -0 174.927 14356.6 203.864 -85075.5 -89801.3 -2037.98 14789.9 141.555 0 0 0 0 0 0 0 0 0 0 108.028 9846.17 11557.7 -56818.8 -102611 -17985.3 16194.3 3081.66 -0 -0 -0 -0 -0 -0 -0 -0 -0 -0 -0 5423.75 15932.6 -29388.9 -102705 -43088.3 14668.8 7626.01 0 0 0 0 0 0 0 0 0 0 0 992.74 23220.6 31090.1 -16775.8 -29292.3 -6963.56 -0.100006 -0 0 0 0 0 0 0 0 0 0 0 0 0 0 0 0 0 0 0 0 0 0 0 0 0 0 0 -0 -7.00907e+007 -148202 -147999 58625.6 -203.16 -0 



0 0 0 0 0 0 0 0 0 0 0 0 0 0 0 0 0 0 0 0 0 0 0 0 0 0 0 0 0 0 -0 -126.139 -1236.31 -2917.77 -1845.41 -367.441 -3.15575 -0 -0 -0 -0 -0 -0 -0 -0 -0 -0 -0 124.023 15070.7 20246.2 -7722.82 -4200.7 21247.1 12908.4 90.1053 0 0 0 0 0 0 0 0 0 0 137.253 10723.4 22234.2 -82.043 -10017.5 18826.9 17033.8 1431.5 -0 -0 -0 -0 -0 -0 -0 -0 -0 -0 -0 6552.98 21414.8 9937.93 -11426.5 11701.2 20689 5772.81 0 0 0 0 0 0 0 0 0 0 0 2132.14 17564.1 18034.6 -10472.1 1485.92 22509.5 10067.6 155.553 -0 -0 -0 -0 -0 -0 -0 -0 -0 -0 155.553 13694.9 20895.4 -5366.25 -6621.97 20409.8 14293.8 137.253 0 0 0 0 0 0 0 0 0 0 105.821 9245.09 22484.1 2995.59 -10829.7 17517.4 18333.4 2882.97 -0 -0 -0 -0 -0 -0 -0 -0 -0 -0 -0 5084.79 20263.9 13754 -11406.3 8133.68 21873.3 7158 0 0 0 0 0 0 0 0 0 0 0 699.888 16573.9 26847.7 3468.4 -8974.78 -2081.45 -0.00672247 -0 0 0 0 0 0 0 0 0 0 0 0 0 0 0 0 0 0 0 0 0 0 0 0 0 0 0 -0 -7.03424e+007 1.68257e+008 3.92204e+008 -2.44824e+008 -4.19902e+008 -4.19902e+008 



0 0 0 0 0 0 0 0 0 0 0 0 0 0 0 0 0 0 0 0 0 0 0 0 0 0 0 0 0 0 0 -0.00342862 -0.0231819 -0.0444411 -0.0231819 -0.00342862 -0 -0 -0 -0 -0 -0 -0 -0 -0 -0 -0 -0 25.4818 3064.15 4757.2 664.841 1082.59 4761.49 2590.92 18.8889 0 0 0 0 0 0 0 0 0 0 28.3333 2150.18 4842.67 1653.67 312.526 4634.56 3494.65 289.852 -0 -0 -0 -0 -0 -0 -0 -0 -0 -0 -0 1325.04 4520.59 3284.61 0.713895 3511.25 4312.05 1158.52 0 0 0 0 0 0 0 0 0 0 0 428.148 3586.08 4475.14 206.789 1928.33 4903.26 2035.33 31.852 -0 -0 -0 -0 -0 -0 -0 -0 -0 -0 31.852 2774.3 4788.03 959.684 767.837 4686.64 2877.41 28.3333 0 0 0 0 0 0 0 0 0 0 22.037 1854.26 4817.71 2112.17 151.171 4492.51 3788.81 582.89 -0 -0 -0 -0 -0 -0 -0 -0 -0 -0 -0 1028.82 4238.91 3917.84 17.4218 2936.82 4601.65 1435.56 0 0 0 0 0 0 0 0 0 0 0 141.667 3330.06 5557.21 1265.69 -1354.06 -305.913 -0.000137145 -0 0 0 0 0 0 0 0 0 0 0 0 0 0 0 0 0 0 0 0 0 0 0 0 0 0 0 -0 -7.04263e+007 218633 218646 -86937.7 -12.8415 -0 



0 0 0 0 0 0 0 0 0 0 0 0 0 0 0 0 0 0 0 0 0 0 0 0 0 0 0 0 0 0 0 0 0 0 0 0 0 0 0 0 0 0 0 0 0 0 0 0 -0 -0 1.61002 1.45035 -1.90801 -3.00403 0 0 0 0 0 0 0 0 0 0 0 0 0 0 -1.4016 -1.16472 0.49419 1.72514 -0 -0 0 0 0 0 0 0 0 0 0 0 0 -0 -0 3.23324 -0.0806249 -3.38876 -1.13415 0 0 0 0 0 0 0 0 0 0 0 0 0 -0.943205 -1.75976 -0.422264 1.23342 -0 -0 -0 0 0 0 0 0 0 0 0 0 0 -0 -0 -0 0.875885 -0.804195 -1.5697 0 0 0 0 0 0 0 0 0 0 0 0 0 0 -2.64857 -2.62771 0.679903 3.59871 -0 -0 0 0 0 0 0 0 0 0 0 0 0 -0 -0 1.77319 0.109589 -1.55162 -1.20906 0 0 0 0 0 0 0 0 0 0 0 0 0 -0.872427 -5.1058 -1.69153 3.31524 2.87271 -0 -0 0 0 0 0 0 0 0 0 0 0 0 0 0 0 0 0 0 0 0 0 0 0 0 0 0 0 -0 -7.03519e+007 3142.56 3142.56 -1249.36 -0 -0 



0 0 0 0 0 0 0 0 0 0 0 0 0 0 0 0 0 0 0 0 0 0 0 0 0 0 0 0 0 0 0 0 0 0 0 0 0 0 0 0 0 0 0 0 0 0 0 0 -0 -0 -5.23869e-011 -2.4761e-011 0 0 0 0 0 0 0 0 0 0 0 0 0 0 0 0 0 0 -0 -0 -0 -0 0 0 0 0 0 0 0 0 0 0 0 -0 -0 -0 0 0 0 0 0 0 0 0 0 0 0 0 0 0 0 0 0 0 0 -0 -0 -0 -0 0 0 0 0 0 0 0 0 0 0 -0 -0 -0 -2.94676e-011 0 0 0 0 0 0 0 0 0 0 0 0 0 0 0 0 0 0 -0 -0 -0 -0 0 0 0 0 0 0 0 0 0 0 0 -0 -0 -5.23869e-011 -4.1554e-011 0 0 0 0 0 0 0 0 0 0 0 0 0 0 0 0 0 0 -0 -0 -0 -0 0 0 0 0 0 0 0 0 0 0 0 0 0 0 0 0 0 0 0 0 0 0 0 0 0 0 -0 -5.78934e+007 0 0 -0 -0 -0 



0 0 0 0 0 0 0 0 0 0 0 0 0 0 0 0 0 0 0 0 0 0 0 0 0 0 0 0 0 0 0 0 0 0 0 0 0 0 0 0 0 0 0 0 0 0 0 0 -0 -0 -5.23869e-011 -2.4761e-011 0 0 0 0 0 0 0 0 0 0 0 0 0 0 0 0 0 0 -0 -0 -0 -0 0 0 0 0 0 0 0 0 0 0 0 -0 -0 -0 0 0 0 0 0 0 0 0 0 0 0 0 0 0 0 0 0 0 0 -0 -0 -0 -0 0 0 0 0 0 0 0 0 0 0 -0 -0 -0 -2.94676e-011 0 0 0 0 0 0 0 0 0 0 0 0 0 0 0 0 0 0 -0 -0 -0 -0 0 0 0 0 0 0 0 0 0 0 0 -0 -0 -5.23869e-011 -4.1554e-011 0 0 0 0 0 0 0 0 0 0 0 0 0 0 0 0 0 0 -0 -0 -0 -0 0 0 0 0 0 0 0 0 0 0 0 0 0 0 0 0 0 0 0 0 0 0 0 0 0 0 -0 -7.03151e+007 0 0 -0 -0 -0 



0 0 0 0 0 0 0 0 0 0 0 0 0 0 0 0 0 0 0 0 0 0 0 0 0 0 0 0 0 0 0 0 0 0 0 0 0 0 0 0 0 0 0 0 0 0 0 0 -0 -0 -5.23869e-011 -2.4761e-011 0 0 0 0 0 0 0 0 0 0 0 0 0 0 0 0 0 0 -0 -0 -0 -0 0 0 0 0 0 0 0 0 0 0 0 -0 -0 -0 0 0 0 0 0 0 0 0 0 0 0 0 0 0 0 0 0 0 0 -0 -0 -0 -0 0 0 0 0 0 0 0 0 0 0 -0 -0 -0 -2.94676e-011 0 0 0 0 0 0 0 0 0 0 0 0 0 0 0 0 0 0 -0 -0 -0 -0 0 0 0 0 0 0 0 0 0 0 0 -0 -0 -5.23869e-011 -4.1554e-011 0 0 0 0 0 0 0 0 0 0 0 0 0 0 0 0 0 0 -0 -0 -0 -0 0 0 0 0 0 0 0 0 0 0 0 0 0 0 0 0 0 0 0 0 0 0 0 0 0 0 -0 -7.03151e+007 0 0 -0 -0 -0 



0 0 0 0 0 0 0 0 0 0 0 0 0 0 0 0 0 0 0 0 0 0 0 0 0 0 0 0 0 0 0 0 0 0 0 0 0 0 0 0 0 0 0 0 0 0 0 0 -0 -0 -5.23869e-011 -2.4761e-011 0 0 0 0 0 0 0 0 0 0 0 0 0 0 0 0 0 0 -0 -0 -0 -0 0 0 0 0 0 0 0 0 0 0 0 -0 -0 -0 0 0 0 0 0 0 0 0 0 0 0 0 0 0 0 0 0 0 0 -0 -0 -0 -0 0 0 0 0 0 0 0 0 0 0 -0 -0 -0 -2.94676e-011 0 0 0 0 0 0 0 0 0 0 0 0 0 0 0 0 0 0 -0 -0 -0 -0 0 0 0 0 0 0 0 0 0 0 0 -0 -0 -5.23869e-011 -4.1554e-011 0 0 0 0 0 0 0 0 0 0 0 0 0 0 0 0 0 0 -0 -0 -0 -0 0 0 0 0 0 0 0 0 0 0 0 0 0 0 0 0 0 0 0 0 0 0 0 0 0 0 -0 -7.03151e+007 0 0 -0 -0 -0 



0 0 0 0 0 0 0 0 0 0 0 0 0 0 0 0 0 0 0 0 0 0 0 0 0 0 0 0 0 0 0 0 0 0 0 0 0 0 0 0 0 0 0 0 0 0 0 0 -0 -0 -5.23869e-011 -2.4761e-011 0 0 0 0 0 0 0 0 0 0 0 0 0 0 0 0 0 0 -0 -0 -0 -0 0 0 0 0 0 0 0 0 0 0 0 -0 -0 -0 0 0 0 0 0 0 0 0 0 0 0 0 0 0 0 0 0 0 0 -0 -0 -0 -0 0 0 0 0 0 0 0 0 0 0 -0 -0 -0 -2.94676e-011 0 0 0 0 0 0 0 0 0 0 0 0 0 0 0 0 0 0 -0 -0 -0 -0 0 0 0 0 0 0 0 0 0 0 0 -0 -0 -5.23869e-011 -4.1554e-011 0 0 0 0 0 0 0 0 0 0 0 0 0 0 0 0 0 0 -0 -0 -0 -0 0 0 0 0 0 0 0 0 0 0 0 0 0 0 0 0 0 0 0 0 0 0 0 0 0 0 -0 -7.03151e+007 0 0 -0 -0 -0 



0 0 0 0 0 0 0 0 0 0 0 0 0 0 0 0 0 0 0 0 0 0 0 0 0 0 0 0 0 0 0 0 0 0 0 0 0 0 0 0 0 0 0 0 0 0 0 0 -0 -0 -5.23869e-011 -2.4761e-011 0 0 0 0 0 0 0 0 0 0 0 0 0 0 0 0 0 0 -0 -0 -0 -0 0 0 0 0 0 0 0 0 0 0 0 -0 -0 -0 0 0 0 0 0 0 0 0 0 0 0 0 0 0 0 0 0 0 0 -0 -0 -0 -0 0 0 0 0 0 0 0 0 0 0 -0 -0 -0 -2.94676e-011 0 0 0 0 0 0 0 0 0 0 0 0 0 0 0 0 0 0 -0 -0 -0 -0 0 0 0 0 0 0 0 0 0 0 0 -0 -0 -5.23869e-011 -4.1554e-011 0 0 0 0 0 0 0 0 0 0 0 0 0 0 0 0 0 0 -0 -0 -0 -0 0 0 0 0 0 0 0 0 0 0 0 0 0 0 0 0 0 0 0 0 0 0 0 0 0 0 -0 -7.03151e+007 0 0 -0 -0 -0 



0 0 0 0 0 0 0 0 0 0 0 0 0 0 0 0 0 0 0 0 0 0 0 0 0 0 0 0 0 0 0 0 0 0 0 0 0 0 0 0 0 0 0 0 0 0 0 0 -0 -0 -5.23869e-011 -2.4761e-011 0 0 0 0 0 0 0 0 0 0 0 0 0 0 0 0 0 0 -0 -0 -0 -0 0 0 0 0 0 0 0 0 0 0 0 -0 -0 -0 0 0 0 0 0 0 0 0 0 0 0 0 0 0 0 0 0 0 0 -0 -0 -0 -0 0 0 0 0 0 0 0 0 0 0 -0 -0 -0 -2.94676e-011 0 0 0 0 0 0 0 0 0 0 0 0 0 0 0 0 0 0 -0 -0 -0 -0 0 0 0 0 0 0 0 0 0 0 0 -0 -0 -5.23869e-011 -4.1554e-011 0 0 0 0 0 0 0 0 0 0 0 0 0 0 0 0 0 0 -0 -0 -0 -0 0 0 0 0 0 0 0 0 0 0 0 0 0 0 0 0 0 0 0 0 0 0 0 0 0 0 -0 -7.03151e+007 0 0 -0 -0 -0 



0 0 0 0 0 0 0 0 0 0 0 0 0 0 0 0 0 0 0 0 0 0 0 0 0 0 0 0 0 0 0 0 0 0 0 0 0 0 0 0 0 0 0 0 0 0 0 0 -0 -0 -5.23869e-011 -2.4761e-011 0 0 0 0 0 0 0 0 0 0 0 0 0 0 0 0 0 0 -0 -0 -0 -0 0 0 0 0 0 0 0 0 0 0 0 -0 -0 -0 0 0 0 0 0 0 0 0 0 0 0 0 0 0 0 0 0 0 0 -0 -0 -0 -0 0 0 0 0 0 0 0 0 0 0 -0 -0 -0 -2.94676e-011 0 0 0 0 0 0 0 0 0 0 0 0 0 0 0 0 0 0 -0 -0 -0 -0 0 0 0 0 0 0 0 0 0 0 0 -0 -0 -5.23869e-011 -4.1554e-011 0 0 0 0 0 0 0 0 0 0 0 0 0 0 0 0 0 0 -0 -0 -0 -0 0 0 0 0 0 0 0 0 0 0 0 0 0 0 0 0 0 0 0 0 0 0 0 0 0 0 -0 -7.03151e+007 0 0 -0 -0 -0 



0 0 0 0 0 0 0 0 0 0 0 0 0 0 0 0 0 0 0 0 0 0 0 0 0 0 0 0 0 0 0 0 0 0 0 0 0 0 0 0 0 0 0 0 0 0 0 0 -0 -0 -5.23869e-011 -2.4761e-011 0 0 0 0 0 0 0 0 0 0 0 0 0 0 0 0 0 0 -0 -0 -0 -0 0 0 0 0 0 0 0 0 0 0 0 -0 -0 -0 0 0 0 0 0 0 0 0 0 0 0 0 0 0 0 0 0 0 0 -0 -0 -0 -0 0 0 0 0 0 0 0 0 0 0 -0 -0 -0 -2.94676e-011 0 0 0 0 0 0 0 0 0 0 0 0 0 0 0 0 0 0 -0 -0 -0 -0 0 0 0 0 0 0 0 0 0 0 0 -0 -0 -5.23869e-011 -4.1554e-011 0 0 0 0 0 0 0 0 0 0 0 0 0 0 0 0 0 0 -0 -0 -0 -0 0 0 0 0 0 0 0 0 0 0 0 0 0 0 0 0 0 0 0 0 0 0 0 0 0 0 -0 -7.03151e+007 0 0 -0 -0 -0 



0 0 0 0 0 0 0 0 0 0 0 0 0 0 0 0 0 0 0 0 0 0 0 0 0 0 0 0 0 0 0 0 0 0 0 0 0 0 0 0 0 0 0 0 0 0 0 0 -0 -0 1.61002 1.45035 -1.90801 -3.00403 0 0 0 0 0 0 0 0 0 0 0 0 0 0 -1.4016 -1.16472 0.49419 1.72514 -0 -0 0 0 0 0 0 0 0 0 0 0 0 -0 -0 3.23324 -0.0806249 -3.38876 -1.13415 0 0 0 0 0 0 0 0 0 0 0 0 0 -0.943205 -1.75976 -0.422264 1.23342 -0 -0 -0 0 0 0 0 0 0 0 0 0 0 -0 -0 -0 0.875885 -0.804195 -1.5697 0 0 0 0 0 0 0 0 0 0 0 0 0 0 -2.64857 -2.62771 0.679903 3.59871 -0 -0 0 0 0 0 0 0 0 0 0 0 0 -0 -0 1.77319 0.109589 -1.55162 -1.20906 0 0 0 0 0 0 0 0 0 0 0 0 0 -0.872427 -5.1058 -1.69153 3.31524 2.87271 -0 -0 0 0 0 0 0 0 0 0 0 0 0 0 0 0 0 0 0 0 0 0 0 0 0 0 0 0 -0 -7.03151e+007 3142.56 3142.56 -1249.36 -0 -0 



0 0 0 0 0 0 0 0 0 0 0 0 0 0 0 0 0 0 0 0 0 0 0 0 0 0 0 0 0 0 0 -0.00342862 -0.0231819 -0.0444411 -0.0231819 -0.00342862 -0 -0 -0 -0 -0 -0 -0 -0 -0 -0 -0 -0 25.4818 3064.15 4757.2 664.841 1082.59 4761.49 2590.92 18.8889 0 0 0 0 0 0 0 0 0 0 28.3333 2150.18 4842.67 1653.67 312.526 4634.56 3494.65 289.852 -0 -0 -0 -0 -0 -0 -0 -0 -0 -0 -0 1325.04 4520.59 3284.61 0.713898 3511.25 4312.05 1158.52 0 0 0 0 0 0 0 0 0 0 0 428.148 3586.08 4475.14 206.789 1928.33 4903.25 2035.33 31.852 -0 -0 -0 -0 -0 -0 -0 -0 -0 -0 31.852 2774.3 4788.03 959.684 767.837 4686.64 2877.41 28.3333 0 0 0 0 0 0 0 0 0 0 22.037 1854.26 4817.71 2112.17 151.171 4492.51 3788.81 582.889 -0 -0 -0 -0 -0 -0 -0 -0 -0 -0 -0 1028.81 4238.91 3917.84 17.4218 2936.82 4601.65 1435.56 0 0 0 0 0 0 0 0 0 0 0 141.667 3330.06 5557.21 1265.69 -1354.06 -305.913 -0.000137145 -0 0 0 0 0 0 0 0 0 0 0 0 0 0 0 0 0 0 0 0 0 0 0 0 0 0 0 -0 -7.03538e+007 218633 218646 -86937.7 -12.8415 -0 



0 0 0 0 0 0 0 0 0 0 0 0 0 0 0 0 0 0 0 0 0 0 0 0 0 0 0 0 0 0 -0 -126.139 -1236.31 -2917.77 -1845.41 -367.441 -3.15575 -0 -0 -0 -0 -0 -0 -0 -0 -0 -0 -0 124.023 15070.7 20246.2 -7722.82 -4200.7 21247.1 12908.4 90.1053 0 0 0 0 0 0 0 0 0 0 137.253 10723.4 22234.2 -82.043 -10017.5 18826.9 17033.8 1431.5 -0 -0 -0 -0 -0 -0 -0 -0 -0 -0 -0 6552.98 21414.8 9937.93 -11426.5 11701.2 20689 5772.81 0 0 0 0 0 0 0 0 0 0 0 2132.14 17564.1 18034.6 -10472.1 1485.92 22509.6 10067.6 155.553 -0 -0 -0 -0 -0 -0 -0 -0 -0 -0 155.553 13694.9 20895.4 -5366.25 -6621.97 20409.8 14293.8 137.253 0 0 0 0 0 0 0 0 0 0 105.821 9245.09 22484.1 2995.59 -10829.7 17517.4 18333.4 2882.97 -0 -0 -0 -0 -0 -0 -0 -0 -0 -0 -0 5084.79 20263.9 13754 -11406.3 8133.68 21873.3 7158 0 0 0 0 0 0 0 0 0 0 0 699.888 16573.9 26847.7 3468.4 -8974.78 -2081.45 -0.00672247 -0 0 0 0 0 0 0 0 0 0 0 0 0 0 0 0 0 0 0 0 0 0 0 0 0 0 0 -0 -7.04513e+007 296002 296119 -117900 -117.112 -0 



0 0 0 0 0 0 0 0 0 0 0 0 0 0 0 0 0 0 0 0 0 0 0 0 0 0 0 0 0 0 -0 -1109.33 -8641.57 -25160.8 -23246.5 -11864.4 -3063.1 -16.7479 -0 -0 -0 -0 -0 -0 -0 -0 -0 -0 141.431 15333.8 -4212.03 -94651.3 -80651.9 2431.24 13680.7 91.2654 0 0 0 0 0 0 0 0 0 0 141.555 11423.1 8366.69 -66215.7 -101595 -11986.4 16066.5 1538.97 -0 -0 -0 -0 -0 -0 -0 -0 -0 -0 -0 6982.26 15204 -38640 -102321 -33941.4 15498.8 6148.33 0 0 0 0 0 0 0 0 0 0 0 2268.59 16068.4 -14942.5 -102040 -61502.5 10087.5 10719 174.927 -0 -0 -0 -0 -0 -0 -0 -0 -0 -0 174.927 14356.6 203.86 -85075.4 -89801.3 -2037.98 14789.9 141.555 0 0 0 0 0 0 0 0 0 0 108.028 9846.17 11557.7 -56818.8 -102611 -17985.3 16194.3 3081.66 -0 -0 -0 -0 -0 -0 -0 -0 -0 -0 -0 5423.75 15932.6 -29388.9 -102705 -43088.3 14668.8 7626.01 0 0 0 0 0 0 0 0 0 0 0 992.74 23220.6 31090.1 -16775.8 -29292.3 -6963.56 -0.100006 -0 0 0 0 0 0 0 0 0 0 0 0 0 0 0 0 0 0 0 0 0 0 0 0 0 0 0 -0 -7.0308e+007 -148202 -147999 58658.2 -203.16 -0 



0 0 0 0 0 0 0 0 0 0 0 0 0 0 0 0 0 0 0 0 0 0 0 0 0 0 0 0 0 0 -0 -2495.49 -24035.8 -57972.4 -38488.1 -9401.51 -794.044 -4.95809 -0 -0 -0 -0 -0 -0 -0 -0 -0 -0 3.51207 -1603.22 -65196.6 -220068 -194118 -51322.8 -27.5194 -0.63935 0 0 0 0 0 0 0 0 0 0 0 135.967 -38816.7 -168496 -231565 -81131.2 -5034.12 22.518 -0 -0 -0 -0 -0 -0 -0 -0 -0 -0 -0 85.8319 -19038.7 -124979 -229701 -118184 -16453.3 70.7376 0 0 0 0 0 0 0 0 0 0 0 26.0068 -6567.84 -86893.6 -231574 -160438 -34983.4 132.933 3.92528 -0 -0 -0 -0 -0 -0 -0 -0 -0 -0 3.92528 -387.593 -55730.8 -202016 -210857 -60427.1 -944.749 0 0 0 0 0 0 0 0 0 0 0 -0.42616 117.411 -31366.3 -152902 -231980 -92850.9 -8208.37 41.5235 -0 -0 -0 -0 -0 -0 -0 -0 -0 -0 -0 68.6936 -14083.8 -111715 -230713 -131813 -21773 90.9779 0 0 0 0 0 0 0 0 0 0 0 75.2486 812.591 -16115.2 -57416.2 -44867 -10828.8 -0.277779 -0 0 0 0 0 0 0 0 0 0 0 0 0 0 0 0 0 0 0 0 0 0 0 0 0 0 0 -0 -6.99843e+007 -591993 -591993 235318 -0.0350224 -0 



0 0 0 0 0 0 0 0 0 0 0 0 0 0 0 0 0 0 0 0 0 0 0 0 0 0 0 0 0 0 -0 -1530.03 -21731.8 -37604.7 -2467.92 20705.6 8867.91 58.6994 0 0 0 0 0 0 0 0 0 0 63.1008 8727.01 -24363.8 -131148 -114010 -15704.2 8368.16 80.486 -0 -0 -0 -0 -0 -0 -0 -0 -0 -0 111.218 7051.11 -7840.82 -96643.2 -139219 -34426 8025.5 896.636 0 0 0 0 0 0 0 0 0 0 0 4232.71 2812.62 -65270.5 -139044 -60220.8 3982.18 3805.35 -0 -0 -0 -0 -0 -0 -0 -0 -0 -0 -0 1425.33 7611.24 -38194.6 -139514 -91010.6 -5605.74 6510.26 83.6461 0 0 0 0 0 0 0 0 0 0 83.6461 8540.2 -18515.7 -119284 -125149 -21462.1 8734.53 111.218 -0 -0 -0 -0 -0 -0 -0 -0 -0 -0 90.7292 6089.11 -3405.68 -85728.7 -139987 -41992.7 7041.29 1841.7 0 0 0 0 0 0 0 0 0 0 0 3278.68 4911.91 -55206.4 -139605 -70322.9 1700.46 4707.68 -0 -0 -0 -0 -0 -0 -0 -0 -0 -0 -0 -253.163 -6795.65 -21985.3 -37623.8 -24239.4 -5887.28 -0.198076 -0 0 0 0 0 0 0 0 0 0 0 0 0 0 0 0 0 0 0 0 0 0 0 0 0 0 0 -0 -6.99844e+007 -359660 -359542 142802 -117.112 -0 



0 0 0 0 0 0 0 0 0 0 0 0 0 0 0 0 0 0 0 0 0 0 0 0 0 0 0 0 0 0 -0 -302.518 -10697.5 -9302.46 18909.9 28375 10336.3 70.4263 0 0 0 0 0 0 0 0 0 0 125.761 17783.9 20643.6 -20694.8 -15047.4 22814.4 15511.1 128.612 -0 -0 -0 -0 -0 -0 -0 -0 -0 -0 185.355 12904.9 24687.1 -8772.58 -24012 18107.3 19937.2 1661.31 0 0 0 0 0 0 0 0 0 0 0 7759 24415 5254.22 -25566.6 7936.53 23984.8 6954.73 -0 -0 -0 -0 -0 -0 -0 -0 -0 -0 -0 2591.16 20743.3 17126.4 -24506.4 -6621 24899.3 11926.7 163.49 0 0 0 0 0 0 0 0 0 0 163.49 16209.8 21919.1 -16948.6 -18811.1 21345.2 17123.6 185.355 -0 -0 -0 -0 -0 -0 -0 -0 -0 -0 147.526 11134.8 25371.8 -4280.97 -24999 15924.6 21317.4 3389.27 0 0 0 0 0 0 0 0 0 0 0 6009.9 23303.5 10494.7 -25600 2961.39 25130.1 8614.24 -0 -0 -0 -0 -0 -0 -0 -0 -0 -0 -0 -2.52206 -170.843 -2240.71 -6529.28 -4923.69 -1192.52 -0.0444411 -0 0 0 0 0 0 0 0 0 0 0 0 0 0 0 0 0 0 0 0 0 0 0 0 0 0 0 -0 -7.03273e+007 286452 286655 -114100 -203.16 -0 



0 0 0 0 0 0 0 0 0 0 0 0 0 0 0 0 0 0 0 0 0 0 0 0 0 0 0 0 0 0 -0 -7.11821 -2654.82 -959.51 7678.01 9759.82 3462.96 25.1852 0 0 0 0 0 0 0 0 0 0 44.0741 6038.14 9369.36 1275.31 2225.27 9620.66 5231.33 44.3338 -0 -0 -0 -0 -0 -0 -0 -0 -0 -0 63.3335 4344.67 9783.87 3379.46 591.427 9110.27 6890.67 560.37 0 0 0 0 0 0 0 0 0 0 0 2606.66 8919.03 6431.94 4.15105 7125.74 8704.28 2343.33 -0 -0 -0 -0 -0 -0 -0 -0 -0 -0 -0 874.001 7242 9047.15 436.823 3766.72 9677.02 4004.44 56.6667 0 0 0 0 0 0 0 0 0 0 56.6667 5465.18 9444.34 1857.25 1583.11 9469.07 5807.67 63.3335 -0 -0 -0 -0 -0 -0 -0 -0 -0 -0 50.6673 3749.33 9733.02 4308.35 278.558 8815.92 7472.19 1139.63 0 0 0 0 0 0 0 0 0 0 0 2021.11 8362.22 7692.29 27.9684 5962.03 9287.53 2900.67 -0 -0 -0 -0 -0 -0 -0 -0 -0 -0 -0 -0 -0.00054858 -0.0111087 -0.0396406 -0.0351145 -0.0111118 -0.000137145 0 0 0 0 0 0 0 0 0 0 0 0 0 0 0 0 0 0 0 0 0 0 0 0 0 0 0 -0 -7.04616e+007 2.10204e+008 4.90179e+008 -3.06175e+008 -5.24954e+008 -5.24954e+008 



0 0 0 0 0 0 0 0 0 0 0 0 0 0 0 0 0 0 0 0 0 0 0 0 0 0 0 0 0 0 -0 1.01551 -0 -1.10242 11.1272 16.7984 6.79012 0.0493827 0 0 0 0 0 0 0 0 0 0 0.0864198 11.8395 14.5035 -2.19034 14.235 39.0543 20.3957 0.172847 -0 -0 -0 -0 -0 -0 -0 -0 -0 -0 0.246922 16.9388 40.7219 20.9182 -2.99731 10.3606 12.6634 1.09877 0 0 0 0 0 0 0 0 0 0 0 5.11111 16.4082 4.85727 0.318513 35.5376 34.0998 9.13608 -0 -0 -0 -0 -0 -0 -0 -0 -0 -0 -0 3.40751 28.3712 40.4899 4.59015 1.23716 17.7185 7.85185 0.111111 0 0 0 0 0 0 0 0 0 0 0.111111 10.716 13.7854 -2.63977 11.988 40.809 22.6427 0.246922 -0 -0 -0 -0 -0 -0 -0 -0 -0 -0 0.19754 14.6177 38.4754 23.6145 -2.06934 10.7952 13.7465 2.23457 0 0 0 0 0 0 0 0 0 0 0 3.96296 15.3597 5.32152 -1.02961 32.5473 36.3443 11.309 -0 -0 -0 -0 -0 -0 -0 -0 -0 -0 -0 -0 -0 -0 -0 -0 -0 0 0 0 0 0 0 0 0 0 0 0 0 0 0 0 0 0 0 0 0 0 0 0 0 0 0 0 0 -0 -7.03538e+007 73675.6 73675.6 -29290.4 -0 -0 



0 0 0 0 0 0 0 0 0 0 0 0 0 0 0 0 0 0 0 0 0 0 0 0 0 0 0 0 0 0 -0 -0 -0 -2.59712e-012 0 0 0 0 0 0 0 0 0 0 0 0 0 0 0 0 0 0 -0 -0 -0 -0 0 0 0 0 0 0 0 0 0 0 -0 -0 -0 -5.23869e-011 0 0 0 0 0 0 0 0 0 0 0 0 0 0 0 0 0 0 -0 -0 -0 -0 0 0 0 0 0 0 0 0 0 0 0 -0 -0 -0 -0 0 0 0 0 0 0 0 0 0 0 0 0 0 0 0 0 0 0 -0 -0 -0 -0 0 0 0 0 0 0 0 0 0 0 -0 -0 -0 -1.30967e-011 0 0 0 0 0 0 0 0 0 0 0 0 0 0 0 0 0 0 0 -0 -0 -0 0 0 0 0 0 0 0 0 0 0 0 0 0 0 0 0 0 0 0 0 0 0 0 0 0 0 0 0 0 0 0 0 0 0 0 0 0 0 0 0 0 0 0 0 0 -0 -7.03151e+007 0 0 -0 -0 -0 



0 0 0 0 0 0 0 0 0 0 0 0 0 0 0 0 0 0 0 0 0 0 0 0 0 0 0 0 0 0 -0 -0 -0 -2.59712e-012 0 0 0 0 0 0 0 0 0 0 0 0 0 0 0 0 0 0 -0 -0 -0 -0 0 0 0 0 0 0 0 0 0 0 -0 -0 -0 -5.23869e-011 0 0 0 0 0 0 0 0 0 0 0 0 0 0 0 0 0 0 -0 -0 -0 -0 0 0 0 0 0 0 0 0 0 0 0 -0 -0 -0 -0 0 0 0 0 0 0 0 0 0 0 0 0 0 0 0 0 0 0 -0 -0 -0 -0 0 0 0 0 0 0 0 0 0 0 -0 -0 -0 -1.30967e-011 0 0 0 0 0 0 0 0 0 0 0 0 0 0 0 0 0 0 0 -0 -0 -0 0 0 0 0 0 0 0 0 0 0 0 0 0 0 0 0 0 0 0 0 0 0 0 0 0 0 0 0 0 0 0 0 0 0 0 0 0 0 0 0 0 0 0 0 0 -0 -5.4788e+007 0 0 -0 -0 -0 



0 0 0 0 0 0 0 0 0 0 0 0 0 0 0 0 0 0 0 0 0 0 0 0 0 0 0 0 0 0 -0 -0 -0 -2.59712e-012 0 0 0 0 0 0 0 0 0 0 0 0 0 0 0 0 0 0 -0 -0 -0 -0 0 0 0 0 0 0 0 0 0 0 -0 -0 -0 -5.23869e-011 0 0 0 0 0 0 0 0 0 0 0 0 0 0 0 0 0 0 -0 -0 -0 -0 0 0 0 0 0 0 0 0 0 0 0 -0 -0 -0 -0 0 0 0 0 0 0 0 0 0 0 0 0 0 0 0 0 0 0 -0 -0 -0 -0 0 0 0 0 0 0 0 0 0 0 -0 -0 -0 -1.30967e-011 0 0 0 0 0 0 0 0 0 0 0 0 0 0 0 0 0 0 0 -0 -0 -0 0 0 0 0 0 0 0 0 0 0 0 0 0 0 0 0 0 0 0 0 0 0 0 0 0 0 0 0 0 0 0 0 0 0 0 0 0 0 0 0 0 0 0 0 0 -0 -7.03151e+007 0 0 -0 -0 -0 



0 0 0 0 0 0 0 0 0 0 0 0 0 0 0 0 0 0 0 0 0 0 0 0 0 0 0 0 0 0 -0 -0 -0 -2.59712e-012 0 0 0 0 0 0 0 0 0 0 0 0 0 0 0 0 0 0 -0 -0 -0 -0 0 0 0 0 0 0 0 0 0 0 -0 -0 -0 -5.23869e-011 0 0 0 0 0 0 0 0 0 0 0 0 0 0 0 0 0 0 -0 -0 -0 -0 0 0 0 0 0 0 0 0 0 0 0 -0 -0 -0 -0 0 0 0 0 0 0 0 0 0 0 0 0 0 0 0 0 0 0 -0 -0 -0 -0 0 0 0 0 0 0 0 0 0 0 -0 -0 -0 -1.30967e-011 0 0 0 0 0 0 0 0 0 0 0 0 0 0 0 0 0 0 0 -0 -0 -0 0 0 0 0 0 0 0 0 0 0 0 0 0 0 0 0 0 0 0 0 0 0 0 0 0 0 0 0 0 0 0 0 0 0 0 0 0 0 0 0 0 0 0 0 0 -0 -7.03151e+007 0 0 -0 -0 -0 



0 0 0 0 0 0 0 0 0 0 0 0 0 0 0 0 0 0 0 0 0 0 0 0 0 0 0 0 0 0 -0 -0 -0 -2.59712e-012 0 0 0 0 0 0 0 0 0 0 0 0 0 0 0 0 0 0 -0 -0 -0 -0 0 0 0 0 0 0 0 0 0 0 -0 -0 -0 -5.23869e-011 0 0 0 0 0 0 0 0 0 0 0 0 0 0 0 0 0 0 -0 -0 -0 -0 0 0 0 0 0 0 0 0 0 0 0 -0 -0 -0 -0 0 0 0 0 0 0 0 0 0 0 0 0 0 0 0 0 0 0 -0 -0 -0 -0 0 0 0 0 0 0 0 0 0 0 -0 -0 -0 -1.30967e-011 0 0 0 0 0 0 0 0 0 0 0 0 0 0 0 0 0 0 0 -0 -0 -0 0 0 0 0 0 0 0 0 0 0 0 0 0 0 0 0 0 0 0 0 0 0 0 0 0 0 0 0 0 0 0 0 0 0 0 0 0 0 0 0 0 0 0 0 0 -0 -7.03151e+007 0 0 -0 -0 -0 



0 0 0 0 0 0 0 0 0 0 0 0 0 0 0 0 0 0 0 0 0 0 0 0 0 0 0 0 0 0 -0 -0 -0 -2.59712e-012 0 0 0 0 0 0 0 0 0 0 0 0 0 0 0 0 0 0 -0 -0 -0 -0 0 0 0 0 0 0 0 0 0 0 -0 -0 -0 -5.23869e-011 0 0 0 0 0 0 0 0 0 0 0 0 0 0 0 0 0 0 -0 -0 -0 -0 0 0 0 0 0 0 0 0 0 0 0 -0 -0 -0 -0 0 0 0 0 0 0 0 0 0 0 0 0 0 0 0 0 0 0 -0 -0 -0 -0 0 0 0 0 0 0 0 0 0 0 -0 -0 -0 -1.30967e-011 0 0 0 0 0 0 0 0 0 0 0 0 0 0 0 0 0 0 0 -0 -0 -0 0 0 0 0 0 0 0 0 0 0 0 0 0 0 0 0 0 0 0 0 0 0 0 0 0 0 0 0 0 0 0 0 0 0 0 0 0 0 0 0 0 0 0 0 0 -0 -7.03151e+007 0 0 -0 -0 -0 



0 0 0 0 0 0 0 0 0 0 0 0 0 0 0 0 0 0 0 0 0 0 0 0 0 0 0 0 0 0 -0 -0 -0 -2.59712e-012 0 0 0 0 0 0 0 0 0 0 0 0 0 0 0 0 0 0 -0 -0 -0 -0 0 0 0 0 0 0 0 0 0 0 -0 -0 -0 -5.23869e-011 0 0 0 0 0 0 0 0 0 0 0 0 0 0 0 0 0 0 -0 -0 -0 -0 0 0 0 0 0 0 0 0 0 0 0 -0 -0 -0 -0 0 0 0 0 0 0 0 0 0 0 0 0 0 0 0 0 0 0 -0 -0 -0 -0 0 0 0 0 0 0 0 0 0 0 -0 -0 -0 -1.30967e-011 0 0 0 0 0 0 0 0 0 0 0 0 0 0 0 0 0 0 0 -0 -0 -0 0 0 0 0 0 0 0 0 0 0 0 0 0 0 0 0 0 0 0 0 0 0 0 0 0 0 0 0 0 0 0 0 0 0 0 0 0 0 0 0 0 0 0 0 0 -0 -7.03151e+007 0 0 -0 -0 -0 



0 0 0 0 0 0 0 0 0 0 0 0 0 0 0 0 0 0 0 0 0 0 0 0 0 0 0 0 0 0 -0 -0 -0 -2.59712e-012 0 0 0 0 0 0 0 0 0 0 0 0 0 0 0 0 0 0 -0 -0 -0 -0 0 0 0 0 0 0 0 0 0 0 -0 -0 -0 -5.23869e-011 0 0 0 0 0 0 0 0 0 0 0 0 0 0 0 0 0 0 -0 -0 -0 -0 0 0 0 0 0 0 0 0 0 0 0 -0 -0 -0 -0 0 0 0 0 0 0 0 0 0 0 0 0 0 0 0 0 0 0 -0 -0 -0 -0 0 0 0 0 0 0 0 0 0 0 -0 -0 -0 -1.30967e-011 0 0 0 0 0 0 0 0 0 0 0 0 0 0 0 0 0 0 0 -0 -0 -0 0 0 0 0 0 0 0 0 0 0 0 0 0 0 0 0 0 0 0 0 0 0 0 0 0 0 0 0 0 0 0 0 0 0 0 0 0 0 0 0 0 0 0 0 0 -0 -7.03151e+007 0 0 -0 -0 -0 



0 0 0 0 0 0 0 0 0 0 0 0 0 0 0 0 0 0 0 0 0 0 0 0 0 0 0 0 0 0 -0 -0 -0 -2.59712e-012 0 0 0 0 0 0 0 0 0 0 0 0 0 0 0 0 0 0 -0 -0 -0 -0 0 0 0 0 0 0 0 0 0 0 -0 -0 -0 -5.23869e-011 0 0 0 0 0 0 0 0 0 0 0 0 0 0 0 0 0 0 -0 -0 -0 -0 0 0 0 0 0 0 0 0 0 0 0 -0 -0 -0 -0 0 0 0 0 0 0 0 0 0 0 0 0 0 0 0 0 0 0 -0 -0 -0 -0 0 0 0 0 0 0 0 0 0 0 -0 -0 -0 -1.30967e-011 0 0 0 0 0 0 0 0 0 0 0 0 0 0 0 0 0 0 0 -0 -0 -0 0 0 0 0 0 0 0 0 0 0 0 0 0 0 0 0 0 0 0 0 0 0 0 0 0 0 0 0 0 0 0 0 0 0 0 0 0 0 0 0 0 0 0 0 0 -0 -7.03151e+007 0 0 -0 -0 -0 



0 0 0 0 0 0 0 0 0 0 0 0 0 0 0 0 0 0 0 0 0 0 0 0 0 0 0 0 0 0 -0 -0 -0 -2.59712e-012 0 0 0 0 0 0 0 0 0 0 0 0 0 0 0 0 0 0 -0 -0 -0 -0 0 0 0 0 0 0 0 0 0 0 -0 -0 -0 -5.23869e-011 0 0 0 0 0 0 0 0 0 0 0 0 0 0 0 0 0 0 -0 -0 -0 -0 0 0 0 0 0 0 0 0 0 0 0 -0 -0 -0 -0 0 0 0 0 0 0 0 0 0 0 0 0 0 0 0 0 0 0 -0 -0 -0 -0 0 0 0 0 0 0 0 0 0 0 -0 -0 -0 -1.30967e-011 0 0 0 0 0 0 0 0 0 0 0 0 0 0 0 0 0 0 0 -0 -0 -0 0 0 0 0 0 0 0 0 0 0 0 0 0 0 0 0 0 0 0 0 0 0 0 0 0 0 0 0 0 0 0 0 0 0 0 0 0 0 0 0 0 0 0 0 0 -0 -7.03151e+007 0 0 -0 -0 -0 



0 0 0 0 0 0 0 0 0 0 0 0 0 0 0 0 0 0 0 0 0 0 0 0 0 0 0 0 0 0 -0 2.03257 -35.0316 -16.2673 137.704 182.196 67.9011 0.493827 0 0 0 0 0 0 0 0 0 0 0.864197 118.395 174.044 16.7904 61.6842 222.305 122.371 1.03706 -0 -0 -0 -0 -0 -0 -0 -0 -0 -0 1.4815 101.63 230.277 94.1337 3.49747 164.041 131.156 10.9877 0 0 0 0 0 0 0 0 0 0 0 51.111 169.942 111.706 0.67232 181.065 201.183 54.8152 -0 -0 -0 -0 -0 -0 -0 -0 -0 -0 -0 20.4446 167.385 221.822 15.8565 61.8516 184 78.5184 1.11111 0 0 0 0 0 0 0 0 0 0 1.11111 107.16 171.548 23.7551 48.75 226.014 135.853 1.4815 -0 -0 -0 -0 -0 -0 -0 -0 -0 -0 1.18521 87.7044 225.548 114.137 0.34489 160.127 142.374 22.3457 0 0 0 0 0 0 0 0 0 0 0 39.6295 159.082 129.477 -1.71612 159.63 214.439 67.8524 -0 -0 -0 -0 -0 -0 -0 -0 -0 -0 -0 -0 -0 -0 -0 -0 -0 0 0 0 0 0 0 0 0 0 0 0 0 0 0 0 0 0 0 0 0 0 0 0 0 0 0 0 0 -0 -7.03519e+007 148081 148081 -58871.1 -0.023085 -0 



0 0 0 0 0 0 0 0 0 0 0 0 0 0 0 0 0 0 0 0 0 0 0 0 0 0 0 0 0 0 -0 -46.3078 -5614.2 -2632.43 14877.7 19391.4 6908.15 49.4337 0 0 0 0 0 0 0 0 0 0 87.1374 12019.6 17875.7 -198.496 1989.39 18502 10411.7 88.322 -0 -0 -0 -0 -0 -0 -0 -0 -0 -0 126.173 8650.35 18984.7 4606.81 -1708.93 17163 13676.3 1116.03 0 0 0 0 0 0 0 0 0 0 0 5198.01 17547.3 11275.2 -2860.88 12688.3 17118.9 4664.97 -0 -0 -0 -0 -0 -0 -0 -0 -0 -0 -0 1739.5 14330.4 16907.7 -2031.22 5518.46 18860.6 7986.41 112.273 0 0 0 0 0 0 0 0 0 0 112.273 10891.3 18142.7 1187.4 505.118 18084.5 11548.3 126.173 -0 -0 -0 -0 -0 -0 -0 -0 -0 -0 100.94 7464.35 18978.7 6650.51 -2341.45 16429.5 14797.5 2272.28 0 0 0 0 0 0 0 0 0 0 0 4029.23 16497 13956.8 -2822.99 10201.1 18215.5 5775.31 -0 -0 -0 -0 -0 -0 -0 -0 -0 -0 -0 -0 -18.4771 -252.73 -739.121 -556.995 -134.805 -0.0067201 -0 0 0 0 0 0 0 0 0 0 0 0 0 0 0 0 0 0 0 0 0 0 0 0 0 0 0 -0 -7.04166e+007 296008 296121 -117897 -113.097 -0 



0 0 0 0 0 0 0 0 0 0 0 0 0 0 0 0 0 0 0 0 0 0 0 0 0 0 0 0 0 0 -0 -800.382 -16835.8 -21246.5 15277.3 31552.8 11958.7 80.3953 0 0 0 0 0 0 0 0 0 0 122.268 17071.4 7142.92 -64342.4 -53655.4 11995.9 15164.7 134.061 -0 -0 -0 -0 -0 -0 -0 -0 -0 -0 189.36 12648.8 16352.4 -42386 -69895.8 1469.4 18498.3 1624.65 0 0 0 0 0 0 0 0 0 0 0 7606.09 20073.3 -19888.7 -71049.4 -15979.1 20156.1 6822.35 -0 -0 -0 -0 -0 -0 -0 -0 -0 -0 -0 2547.1 18961.7 -719.381 -70398 -38609.8 17360.4 11691.2 159.115 0 0 0 0 0 0 0 0 0 0 159.115 15777.2 10291.8 -57057.5 -60682.8 8728.67 16553.6 189.36 -0 -0 -0 -0 -0 -0 -0 -0 -0 -0 152.494 10916.6 18518.8 -34874.4 -70950.5 -3014.45 19213 3319.65 0 0 0 0 0 0 0 0 0 0 0 5893.35 19979.9 -12099.3 -71278.7 -23570.2 20207.8 8444.9 -0 -0 -0 -0 -0 -0 -0 -0 -0 -0 -0 -142.435 -3862.55 -11900.1 -19406.6 -12253.3 -2980.86 -0.115359 -0 0 0 0 0 0 0 0 0 0 0 0 0 0 0 0 0 0 0 0 0 0 0 0 0 0 0 -0 -7.03232e+007 63315.3 63522.8 -25472.3 -207.514 -0 



0 0 0 0 0 0 0 0 0 0 0 0 0 0 0 0 0 0 0 0 0 0 0 0 0 0 0 0 0 0 -0 -2484.77 -26860.2 -58583.5 -29470.4 1727.03 3128.36 20.2536 0 0 0 0 0 0 0 0 0 0 8.22815 9.13206 -62229.5 -218198 -192193 -48422.7 1372.19 18.1636 -0 -0 -0 -0 -0 -0 -0 -0 -0 -0 23.8006 1300.25 -35943.3 -166445 -229790 -78116.9 -3168.05 158.863 0 0 0 0 0 0 0 0 0 0 0 772.136 -16537.3 -122373 -228110 -115490 -14016.5 701.476 -0 -0 -0 -0 -0 -0 -0 -0 -0 -0 -0 266.82 -4597.6 -83916.1 -229852 -158287 -32155.4 1191.13 12.0261 0 0 0 0 0 0 0 0 0 0 12.0261 1063.19 -52804.8 -200100 -208986 -57509.5 613.701 23.8006 -0 -0 -0 -0 -0 -0 -0 -0 -0 -0 20.0435 1125.09 -28556 -150719 -230293 -89833.8 -6163.86 333.55 0 0 0 0 0 0 0 0 0 0 0 597.625 -11763.4 -108852 -229107 -129335 -19146.5 868.291 -0 -0 -0 -0 -0 -0 -0 -0 -0 -0 -0 -164.727 -4961.67 -25670 -59273.6 -42249.9 -10229.6 -0.303017 -0 0 0 0 0 0 0 0 0 0 0 0 0 0 0 0 0 0 0 0 0 0 0 0 0 0 0 -0 -7.00901e+007 -582621 -582571 231523 -49.7194 -0 



0 0 0 0 0 0 0 0 0 0 0 0 0 0 0 0 0 0 0 0 0 0 0 0 0 0 0 0 0 0 -0 -1971.91 -17313.1 -45312.4 -35474.4 -13764.6 -2862.76 -16.6974 -0 -0 -0 -0 -0 -0 -0 -0 -0 -0 49.0518 3613.27 -44035.1 -173050 -151772 -32906.8 4132.97 24.0971 0 0 0 0 0 0 0 0 0 0 39.8136 3552.93 -22910.8 -130583 -182699 -56846.2 1584.58 489.459 -0 -0 -0 -0 -0 -0 -0 -0 -0 -0 -0 2182.34 -7860.54 -93692.9 -181696 -87786.4 -6084.3 1910.08 0 0 0 0 0 0 0 0 0 0 0 701.983 574.793 -61494.1 -182833 -123898 -19876.8 3349.11 59.4869 -0 -0 -0 -0 -0 -0 -0 -0 -0 -0 59.4869 4114.01 -36489 -158311 -165526 -40231.4 3868.57 39.8136 0 0 0 0 0 0 0 0 0 0 29.3363 3061.67 -17058.5 -117507 -183277 -66350.2 -457.764 969.525 -0 -0 -0 -0 -0 -0 -0 -0 -0 -0 -0 1698.69 -4390.36 -82191.8 -182478 -99499.3 -9824.21 2372.26 0 0 0 0 0 0 0 0 0 0 0 464.147 10307.7 3444.49 -41657.7 -39393.2 -9459.98 -0.198089 -0 0 0 0 0 0 0 0 0 0 0 0 0 0 0 0 0 0 0 0 0 0 0 0 0 0 0 -0 -6.99798e+007 -371203 -371090 147396 -113.097 -0 



0 0 0 0 0 0 0 0 0 0 0 0 0 0 0 0 0 0 0 0 0 0 0 0 0 0 0 0 0 0 -0 -496.382 -4280.66 -11351.6 -9103.59 -3715.89 -812.096 -5.86094 -0 -0 -0 -0 -0 -0 -0 -0 -0 -0 150.983 17971 15430.1 -39686.1 -31807.9 18644.4 15607.9 106.947 0 0 0 0 0 0 0 0 0 0 164.082 12988 21550.4 -23292.6 -44039.4 11513.6 19865.1 1732.63 -0 -0 -0 -0 -0 -0 -0 -0 -0 -0 -0 7922.14 23223.6 -5271.32 -45466.4 -2102.39 22757.9 6990.24 0 0 0 0 0 0 0 0 0 0 0 2581.37 20344.2 9865.5 -44567.7 -20359.8 22340.3 12170.1 189.096 -0 -0 -0 -0 -0 -0 -0 -0 -0 -0 189.096 16477.3 17523.7 -34356.8 -37047.2 16376.8 17157.8 164.082 0 0 0 0 0 0 0 0 0 0 125.992 11196.6 22880.1 -17415.8 -45073.4 8309.71 20996.3 3487.24 -0 -0 -0 -0 -0 -0 -0 -0 -0 -0 -0 6147.41 22516.6 1165.49 -45586.9 -8300.53 23458.9 8669.46 0 0 0 0 0 0 0 0 0 0 0 912.708 21503.5 32517.7 -3175.92 -17572.1 -4135.22 -0.0351199 -0 0 0 0 0 0 0 0 0 0 0 0 0 0 0 0 0 0 0 0 0 0 0 0 0 0 0 -0 -7.02122e+007 74897.2 75104.7 -30062.1 -207.514 -0 



0 0 0 0 0 0 0 0 0 0 0 0 0 0 0 0 0 0 0 0 0 0 0 0 0 0 0 0 0 0 0 -0.0790117 -0.711106 -1.59999 -0.967894 -0.177776 -0 -0 -0 -0 -0 -0 -0 -0 -0 -0 -0 -0 75.7541 9110.54 14126.2 1943.12 3270.98 14282.2 7751.17 55.8905 0 0 0 0 0 0 0 0 0 0 84.1498 6433.06 14505.5 4974.23 907.812 13753.9 10395.6 861.692 -0 -0 -0 -0 -0 -0 -0 -0 -0 -0 -0 3939.79 13447.6 9723.19 -0.775407 10544.3 12911.8 3465.21 0 0 0 0 0 0 0 0 0 0 0 1280.46 10738.6 13412 627.859 5701.64 14585.3 6051.41 94.6917 -0 -0 -0 -0 -0 -0 -0 -0 -0 -0 94.6917 8248.23 14233.2 2822.87 2317.86 14050.1 8608.98 84.1498 0 0 0 0 0 0 0 0 0 0 65.3103 5546.98 14434 6355.32 430.723 13318.1 11271 1733.48 -0 -0 -0 -0 -0 -0 -0 -0 -0 -0 -0 3058.53 12609.3 11620.4 43.3831 8811.33 13779.7 4294.78 0 0 0 0 0 0 0 0 0 0 0 422.633 9969.05 16659.2 3798.72 -4072.19 -930.889 -0.00054858 -0 0 0 0 0 0 0 0 0 0 0 0 0 0 0 0 0 0 0 0 0 0 0 0 0 0 0 -0 -7.04628e+007 292967 293018 -116485 -51.8852 -0 



0 0 0 0 0 0 0 0 0 0 0 0 0 0 0 0 0 0 0 0 0 0 0 0 0 0 0 0 0 0 0 -0 -0 -0 -0 -0 -0 -0 -0 -0 -0 -0 -0 -0 -0 -0 -0 -0 0.19754 23.7538 41.9004 13.0517 -5.72402 6.00805 10.1605 0.0740741 0 0 0 0 0 0 0 0 0 0 0.111111 8.4321 12.6148 -1.16472 6.43058 43.1677 25.3947 2.24698 -0 -0 -0 -0 -0 -0 -0 -0 -0 -0 -0 10.2719 32.8864 37.1806 -0.443582 1.69482 12.4757 4.54321 0 0 0 0 0 0 0 0 0 0 0 1.67901 10.3753 10.5631 -2.53358 22.2219 35.5019 15.7783 0.246922 -0 -0 -0 -0 -0 -0 -0 -0 -0 -0 0.246922 21.5068 36.761 13.9979 -3.21678 9.41701 11.284 0.111111 0 0 0 0 0 0 0 0 0 0 0.0864198 7.27161 10.5942 -2.62771 4.75862 46.7795 27.5628 4.51866 -0 -0 -0 -0 -0 -0 -0 -0 -0 -0 -0 7.97555 30.787 37.1969 0.98517 4.65725 13.2996 5.62963 0 0 0 0 0 0 0 0 0 0 0 0.555556 9.59671 6.80891 0 4.41956 5.74543 -0 -0 0 0 0 0 0 0 0 0 0 0 0 0 0 0 0 0 0 0 0 0 0 0 0 0 0 0 -0 -7.03891e+007 2.52055e+008 5.88026e+008 -3.67343e+008 -6.29945e+008 -6.29945e+008 



0 0 0 0 0 0 0 0 0 0 0 0 0 0 0 0 0 0 0 0 0 0 0 0 0 0 0 0 0 0 0 0 0 0 0 0 0 0 0 0 0 0 0 0 0 0 0 0 -0 -0 -5.23869e-011 -2.4761e-011 0 0 0 0 0 0 0 0 0 0 0 0 0 0 0 0 0 0 -0 -0 -0 -0 0 0 0 0 0 0 0 0 0 0 0 -0 -0 -0 0 0 0 0 0 0 0 0 0 0 0 0 0 0 0 0 0 0 0 -0 -0 -0 -0 0 0 0 0 0 0 0 0 0 0 -0 -0 -0 -2.94676e-011 0 0 0 0 0 0 0 0 0 0 0 0 0 0 0 0 0 0 -0 -0 -0 -0 0 0 0 0 0 0 0 0 0 0 0 -0 -0 -5.23869e-011 -4.1554e-011 0 0 0 0 0 0 0 0 0 0 0 0 0 0 0 0 0 0 -0 -0 -0 -0 0 0 0 0 0 0 0 0 0 0 0 0 0 0 0 0 0 0 0 0 0 0 0 0 0 0 -0 -7.03151e+007 0 0 -0 -0 -0 



0 0 0 0 0 0 0 0 0 0 0 0 0 0 0 0 0 0 0 0 0 0 0 0 0 0 0 0 0 0 0 0 0 0 0 0 0 0 0 0 0 0 0 0 0 0 0 0 -0 -0 -5.23869e-011 -2.4761e-011 0 0 0 0 0 0 0 0 0 0 0 0 0 0 0 0 0 0 -0 -0 -0 -0 0 0 0 0 0 0 0 0 0 0 0 -0 -0 -0 0 0 0 0 0 0 0 0 0 0 0 0 0 0 0 0 0 0 0 -0 -0 -0 -0 0 0 0 0 0 0 0 0 0 0 -0 -0 -0 -2.94676e-011 0 0 0 0 0 0 0 0 0 0 0 0 0 0 0 0 0 0 -0 -0 -0 -0 0 0 0 0 0 0 0 0 0 0 0 -0 -0 -5.23869e-011 -4.1554e-011 0 0 0 0 0 0 0 0 0 0 0 0 0 0 0 0 0 0 -0 -0 -0 -0 0 0 0 0 0 0 0 0 0 0 0 0 0 0 0 0 0 0 0 0 0 0 0 0 0 0 -0 -7.03151e+007 0 0 -0 -0 -0 



0 0 0 0 0 0 0 0 0 0 0 0 0 0 0 0 0 0 0 0 0 0 0 0 0 0 0 0 0 0 0 0 0 0 0 0 0 0 0 0 0 0 0 0 0 0 0 0 -0 -0 -5.23869e-011 -2.4761e-011 0 0 0 0 0 0 0 0 0 0 0 0 0 0 0 0 0 0 -0 -0 -0 -0 0 0 0 0 0 0 0 0 0 0 0 -0 -0 -0 0 0 0 0 0 0 0 0 0 0 0 0 0 0 0 0 0 0 0 -0 -0 -0 -0 0 0 0 0 0 0 0 0 0 0 -0 -0 -0 -2.94676e-011 0 0 0 0 0 0 0 0 0 0 0 0 0 0 0 0 0 0 -0 -0 -0 -0 0 0 0 0 0 0 0 0 0 0 0 -0 -0 -5.23869e-011 -4.1554e-011 0 0 0 0 0 0 0 0 0 0 0 0 0 0 0 0 0 0 -0 -0 -0 -0 0 0 0 0 0 0 0 0 0 0 0 0 0 0 0 0 0 0 0 0 0 0 0 0 0 0 -0 -5.16826e+007 0 0 -0 -0 -0 



0 0 0 0 0 0 0 0 0 0 0 0 0 0 0 0 0 0 0 0 0 0 0 0 0 0 0 0 0 0 0 0 0 0 0 0 0 0 0 0 0 0 0 0 0 0 0 0 -0 -0 -5.23869e-011 -2.4761e-011 0 0 0 0 0 0 0 0 0 0 0 0 0 0 0 0 0 0 -0 -0 -0 -0 0 0 0 0 0 0 0 0 0 0 0 -0 -0 -0 0 0 0 0 0 0 0 0 0 0 0 0 0 0 0 0 0 0 0 -0 -0 -0 -0 0 0 0 0 0 0 0 0 0 0 -0 -0 -0 -2.94676e-011 0 0 0 0 0 0 0 0 0 0 0 0 0 0 0 0 0 0 -0 -0 -0 -0 0 0 0 0 0 0 0 0 0 0 0 -0 -0 -5.23869e-011 -4.1554e-011 0 0 0 0 0 0 0 0 0 0 0 0 0 0 0 0 0 0 -0 -0 -0 -0 0 0 0 0 0 0 0 0 0 0 0 0 0 0 0 0 0 0 0 0 0 0 0 0 0 0 -0 -7.03151e+007 0 0 -0 -0 -0 



0 0 0 0 0 0 0 0 0 0 0 0 0 0 0 0 0 0 0 0 0 0 0 0 0 0 0 0 0 0 0 0 0 0 0 0 0 0 0 0 0 0 0 0 0 0 0 0 -0 -0 -5.23869e-011 -2.4761e-011 0 0 0 0 0 0 0 0 0 0 0 0 0 0 0 0 0 0 -0 -0 -0 -0 0 0 0 0 0 0 0 0 0 0 0 -0 -0 -0 0 0 0 0 0 0 0 0 0 0 0 0 0 0 0 0 0 0 0 -0 -0 -0 -0 0 0 0 0 0 0 0 0 0 0 -0 -0 -0 -2.94676e-011 0 0 0 0 0 0 0 0 0 0 0 0 0 0 0 0 0 0 -0 -0 -0 -0 0 0 0 0 0 0 0 0 0 0 0 -0 -0 -5.23869e-011 -4.1554e-011 0 0 0 0 0 0 0 0 0 0 0 0 0 0 0 0 0 0 -0 -0 -0 -0 0 0 0 0 0 0 0 0 0 0 0 0 0 0 0 0 0 0 0 0 0 0 0 0 0 0 -0 -7.03151e+007 0 0 -0 -0 -0 



0 0 0 0 0 0 0 0 0 0 0 0 0 0 0 0 0 0 0 0 0 0 0 0 0 0 0 0 0 0 0 0 0 0 0 0 0 0 0 0 0 0 0 0 0 0 0 0 -0 -0 -5.23869e-011 -2.4761e-011 0 0 0 0 0 0 0 0 0 0 0 0 0 0 0 0 0 0 -0 -0 -0 -0 0 0 0 0 0 0 0 0 0 0 0 -0 -0 -0 0 0 0 0 0 0 0 0 0 0 0 0 0 0 0 0 0 0 0 -0 -0 -0 -0 0 0 0 0 0 0 0 0 0 0 -0 -0 -0 -2.94676e-011 0 0 0 0 0 0 0 0 0 0 0 0 0 0 0 0 0 0 -0 -0 -0 -0 0 0 0 0 0 0 0 0 0 0 0 -0 -0 -5.23869e-011 -4.1554e-011 0 0 0 0 0 0 0 0 0 0 0 0 0 0 0 0 0 0 -0 -0 -0 -0 0 0 0 0 0 0 0 0 0 0 0 0 0 0 0 0 0 0 0 0 0 0 0 0 0 0 -0 -7.03151e+007 0 0 -0 -0 -0 



0 0 0 0 0 0 0 0 0 0 0 0 0 0 0 0 0 0 0 0 0 0 0 0 0 0 0 0 0 0 0 0 0 0 0 0 0 0 0 0 0 0 0 0 0 0 0 0 -0 -0 -5.23869e-011 -2.4761e-011 0 0 0 0 0 0 0 0 0 0 0 0 0 0 0 0 0 0 -0 -0 -0 -0 0 0 0 0 0 0 0 0 0 0 0 -0 -0 -0 0 0 0 0 0 0 0 0 0 0 0 0 0 0 0 0 0 0 0 -0 -0 -0 -0 0 0 0 0 0 0 0 0 0 0 -0 -0 -0 -2.94676e-011 0 0 0 0 0 0 0 0 0 0 0 0 0 0 0 0 0 0 -0 -0 -0 -0 0 0 0 0 0 0 0 0 0 0 0 -0 -0 -5.23869e-011 -4.1554e-011 0 0 0 0 0 0 0 0 0 0 0 0 0 0 0 0 0 0 -0 -0 -0 -0 0 0 0 0 0 0 0 0 0 0 0 0 0 0 0 0 0 0 0 0 0 0 0 0 0 0 -0 -7.03151e+007 0 0 -0 -0 -0 



0 0 0 0 0 0 0 0 0 0 0 0 0 0 0 0 0 0 0 0 0 0 0 0 0 0 0 0 0 0 0 0 0 0 0 0 0 0 0 0 0 0 0 0 0 0 0 0 -0 -0 -5.23869e-011 -2.4761e-011 0 0 0 0 0 0 0 0 0 0 0 0 0 0 0 0 0 0 -0 -0 -0 -0 0 0 0 0 0 0 0 0 0 0 0 -0 -0 -0 0 0 0 0 0 0 0 0 0 0 0 0 0 0 0 0 0 0 0 -0 -0 -0 -0 0 0 0 0 0 0 0 0 0 0 -0 -0 -0 -2.94676e-011 0 0 0 0 0 0 0 0 0 0 0 0 0 0 0 0 0 0 -0 -0 -0 -0 0 0 0 0 0 0 0 0 0 0 0 -0 -0 -5.23869e-011 -4.1554e-011 0 0 0 0 0 0 0 0 0 0 0 0 0 0 0 0 0 0 -0 -0 -0 -0 0 0 0 0 0 0 0 0 0 0 0 0 0 0 0 0 0 0 0 0 0 0 0 0 0 0 -0 -7.03151e+007 0 0 -0 -0 -0 



0 0 0 0 0 0 0 0 0 0 0 0 0 0 0 0 0 0 0 0 0 0 0 0 0 0 0 0 0 0 0 0 0 0 0 0 0 0 0 0 0 0 0 0 0 0 0 0 -0 -0 -5.23869e-011 -2.4761e-011 0 0 0 0 0 0 0 0 0 0 0 0 0 0 0 0 0 0 -0 -0 -0 -0 0 0 0 0 0 0 0 0 0 0 0 -0 -0 -0 0 0 0 0 0 0 0 0 0 0 0 0 0 0 0 0 0 0 0 -0 -0 -0 -0 0 0 0 0 0 0 0 0 0 0 -0 -0 -0 -2.94676e-011 0 0 0 0 0 0 0 0 0 0 0 0 0 0 0 0 0 0 -0 -0 -0 -0 0 0 0 0 0 0 0 0 0 0 0 -0 -0 -5.23869e-011 -4.1554e-011 0 0 0 0 0 0 0 0 0 0 0 0 0 0 0 0 0 0 -0 -0 -0 -0 0 0 0 0 0 0 0 0 0 0 0 0 0 0 0 0 0 0 0 0 0 0 0 0 0 0 -0 -7.03151e+007 0 0 -0 -0 -0 



0 0 0 0 0 0 0 0 0 0 0 0 0 0 0 0 0 0 0 0 0 0 0 0 0 0 0 0 0 0 0 0 0 0 0 0 0 0 0 0 0 0 0 0 0 0 0 0 -0 -0 -5.23869e-011 -2.4761e-011 0 0 0 0 0 0 0 0 0 0 0 0 0 0 0 0 0 0 -0 -0 -0 -0 0 0 0 0 0 0 0 0 0 0 0 -0 -0 -0 0 0 0 0 0 0 0 0 0 0 0 0 0 0 0 0 0 0 0 -0 -0 -0 -0 0 0 0 0 0 0 0 0 0 0 -0 -0 -0 -2.94676e-011 0 0 0 0 0 0 0 0 0 0 0 0 0 0 0 0 0 0 -0 -0 -0 -0 0 0 0 0 0 0 0 0 0 0 0 -0 -0 -5.23869e-011 -4.1554e-011 0 0 0 0 0 0 0 0 0 0 0 0 0 0 0 0 0 0 -0 -0 -0 -0 0 0 0 0 0 0 0 0 0 0 0 0 0 0 0 0 0 0 0 0 0 0 0 0 0 0 -0 -7.03151e+007 0 0 -0 -0 -0 



0 0 0 0 0 0 0 0 0 0 0 0 0 0 0 0 0 0 0 0 0 0 0 0 0 0 0 0 0 0 0 0 0 0 0 0 0 0 0 0 0 0 0 0 0 0 0 0 -0 -0 6.44673 2.9007 0 9.01247 10.1605 0.0740741 0 0 0 0 0 0 0 0 0 0 0.111111 8.4321 11.2132 2.32945 0.989398 10.358 1.81417 -0 0 0 0 0 0 0 0 0 0 0 0 -0 2.3492 9.69973 -0.0806249 3.38964 12.4757 4.54321 0 0 0 0 0 0 0 0 0 0 0 1.67901 10.3753 5.28201 -0.422264 6.17218 6.82924 -0 -0 0 0 0 0 0 0 0 0 0 0 -0 -0 4.59394 2.62585 0.804195 10.9867 11.284 0.111111 0 0 0 0 0 0 0 0 0 0 0.0864198 7.27161 9.26994 1.31453 1.0195 12.5936 1.96892 -0 0 0 0 0 0 0 0 0 0 0 0 -0 2.19939 8.85867 0.109589 4.65725 13.2996 5.62963 0 0 0 0 0 0 0 0 0 0 0 0.555556 9.59671 6.80891 0 4.41956 5.74543 -0 -0 0 0 0 0 0 0 0 0 0 0 0 0 0 0 0 0 0 0 0 0 0 0 0 0 0 0 -0 -7.03179e+007 -52947.4 -52947.4 21049.7 -0 -0 



0 0 0 0 0 0 0 0 0 0 0 0 0 0 0 0 0 0 0 0 0 0 0 0 0 0 0 0 0 0 0 0 0 0 0 0 0 0 0 0 0 0 0 0 0 0 0 0 -0 -0.00054858 -2198.31 -3185.51 7104.2 15738.2 7750.56 55.8905 0 0 0 0 0 0 0 0 0 0 84.1498 6431.8 15270.2 9158.86 -2379.66 -3039.33 -18.1519 -0 0 0 0 0 0 0 0 0 0 0 0 -0.00054858 -30.5724 -4416.13 234.13 14974.6 12943.2 3465.21 0 0 0 0 0 0 0 0 0 0 0 1279.83 10763.8 16776.9 2736.13 -4229.66 -553.146 -0.00054858 -0 0 0 0 0 0 0 0 0 0 0 -0 -0.000137145 -1685.01 -3604.89 5769.14 16007.4 8607.74 84.1498 0 0 0 0 0 0 0 0 0 0 65.3103 5546.35 14791.4 10706.3 -1730.52 -3672.41 -25.6148 -0 0 0 0 0 0 0 0 0 0 0 0 -0.00054858 -18.7197 -4357.11 -602.595 13294.2 13805.3 4294.15 0 0 0 0 0 0 0 0 0 0 0 422.633 9969.05 16659.2 3798.72 -4072.19 -930.889 -0.00054858 -0 0 0 0 0 0 0 0 0 0 0 0 0 0 0 0 0 0 0 0 0 0 0 0 0 0 0 -0 -6.13496e+007 -5.36933e+007 -5.36922e+007 2.13455e+007 -1107.18 -0 



0 0 0 0 0 0 0 0 0 0 0 0 0 0 0 0 0 0 0 0 0 0 0 0 0 0 0 0 0 0 0 0 0 0 0 0 0 0 0 0 0 0 0 0 0 0 0 0 -0 -88.6717 -8035.77 -17789.2 5924.56 31742.2 16855.3 117.202 0 0 0 0 0 0 0 0 0 0 178.732 13993.7 31326.3 11659.8 -16596.3 -10666.8 -305.555 -0 0 0 0 0 0 0 0 0 0 0 0 -0.177776 -1025.22 -15815.4 -10799.3 26809.4 27349.9 7535.85 0 0 0 0 0 0 0 0 0 0 0 2777.68 23094.7 32266.1 -5440.24 -17144.2 -2963.39 -0.177776 -0 0 0 0 0 0 0 0 0 0 0 -0 -28.0252 -6450.79 -17817.9 2189.55 31880.3 18675.2 178.732 0 0 0 0 0 0 0 0 0 0 137.712 12064.3 30649.7 15802.3 -15197.9 -12625 -479.219 -0 0 0 0 0 0 0 0 0 0 0 0 -0.0790117 -754.886 -15039.8 -12676.6 22473.9 28966.2 9342.29 0 0 0 0 0 0 0 0 0 0 0 912.708 21503.5 32517.7 -3175.91 -17572.1 -4135.22 -0.0351199 -0 0 0 0 0 0 0 0 0 0 0 0 0 0 0 0 0 0 0 0 0 0 0 0 0 0 0 -0 -3.85193e+007 -1.41708e+008 -1.29562e+008 3.34377e+007 -1.21453e+007 -0 


