0 2 3 7 0.0666667
3 2 6 7 -0.133333
6 2 9 7 0.0666667

2 0 7 3 0.0666667
2 3 7 6 -0.133333
2 6 7 9 0.0666667

1 1 4 4 0.111111
5 1 8 4 -0.111111
1 5 4 8 -0.111111
5 5 8 8 0.111111

0 3 5 12 0.0222222
5 3 10 12 -0.0444444
10 3 15 12 0.0222222

3 0 12 5 0.0222222
3 5 12 10 -0.0444444
3 10 12 15 0.0222222

2 2 7 7 0.04
8 2 13 7 -0.04
2 8 7 13 -0.04
8 8 13 13 0.04

0 5 7 16 0.012987
7 5 14 16 -0.025974
14 5 21 16 0.012987

5 0 16 7 0.012987
5 7 16 14 -0.025974
5 14 16 21 0.012987

2 2 9 9 0.0204082
12 2 19 9 -0.0204082
2 12 9 19 -0.0204082
12 12 19 19 0.0204082

0 3 5 12 0.0222222
5 3 10 12 -0.0444444
10 3 15 12 0.0222222

3 0 12 5 0.0222222
3 5 12 10 -0.0444444
3 10 12 15 0.0222222

2 2 7 7 0.04
8 2 13 7 -0.04
2 8 7 13 -0.04
8 8 13 13 0.04

0 6 9 21 0.00740741
9 6 18 21 -0.0148148
18 6 27 21 0.00740741

6 0 21 9 0.00740741
6 9 21 18 -0.0148148
6 18 21 27 0.00740741

3 3 12 12 0.0123457
15 3 24 12 -0.0123457
3 15 12 24 -0.0123457
15 15 24 24 0.0123457

0 9 13 30 0.003663
13 9 26 30 -0.00732601
26 9 39 30 0.003663

9 0 30 13 0.003663
9 13 30 26 -0.00732601
9 26 30 39 0.003663

4 4 17 17 0.00591716
22 4 35 17 -0.00591716
4 22 17 35 -0.00591716
22 22 35 35 0.00591716

0 6 9 21 0.00740741
9 6 18 21 -0.0148148
18 6 27 21 0.00740741

6 0 21 9 0.00740741
6 9 21 18 -0.0148148
6 18 21 27 0.00740741

3 3 12 12 0.0123457
15 3 24 12 -0.0123457
3 15 12 24 -0.0123457
15 15 24 24 0.0123457

0 11 17 40 0.0020284
17 11 34 40 -0.0040568
34 11 51 40 0.0020284

11 0 40 17 0.0020284
11 17 40 34 -0.0040568
11 34 40 51 0.0020284

6 6 23 23 0.00346021
28 6 45 23 -0.00346021
6 28 23 45 -0.00346021
28 28 45 45 0.00346021

0 17 25 58 0.00097561
25 17 50 58 -0.00195122
50 17 75 58 0.00097561

17 0 58 25 0.00097561
17 25 58 50 -0.00195122
17 50 58 75 0.00097561

8 8 33 33 0.0016
42 8 67 33 -0.0016
8 42 33 67 -0.0016
42 42 67 67 0.0016

